  0.107946E+01
  0.537510E+00
  0.117451E+01
  0.131269E+01
  0.127725E+01
  0.877316E+00
  0.186528E+01
  0.193255E+01
  0.687368E+00
  0.117217E+01
  0.891871E+00
  0.102172E+01
  0.209038E+01
  0.134812E+01
  0.112918E+01
  0.132879E+01
  0.103119E+01
  0.130421E+01
  0.635203E+00
  0.627661E+00
  0.170115E+01
  0.119541E+01
  0.144692E+01
  0.138210E+01
  0.163326E+01
  0.121487E+01
  0.145912E+01
  0.120179E+01
  0.991489E+00
  0.116804E+01
  0.904497E+00
  0.925121E+00
  0.120291E+01
  0.172297E+01
  0.114172E+01
  0.147265E+01
  0.112365E+01
  0.141701E+01
  0.126792E+01
  0.489110E+00
  0.156540E+01
  0.141015E+01
  0.151866E+01
  0.804598E+00
  0.133835E+01
  0.151765E+01
  0.906756E+00
  0.807632E+00
  0.148522E+01
  0.634476E+00
  0.869693E+00
  0.398455E+00
  0.147308E+01
  0.242465E+01
  0.186344E+01
  0.100823E+01
  0.174785E+01
  0.138298E+01
  0.169863E+01
  0.110199E+01
  0.748230E+00
  0.769243E+00
  0.144752E+01
  0.153260E+01
  0.110133E+01
  0.224413E+01
  0.573734E+00
  0.174465E+01
  0.155364E+01
  0.953801E+00
  0.997775E+00
  0.144258E+01
  0.153976E+01
  0.577923E+00
  0.131828E+01
  0.948790E+00
  0.176171E+01
  0.117324E+01
  0.140773E+01
  0.595034E+00
  0.115476E+01
  0.125246E+01
  0.222988E+01
  0.157764E+01
  0.124697E+01
  0.929234E+00
  0.962459E+00
  0.116284E+01
  0.132652E+01
  0.154164E+01
  0.910737E+00
  0.968007E+00
  0.145671E+01
  0.123798E+01
  0.139993E+01
  0.716610E+00
  0.952745E+00
  0.117125E+01
  0.132353E+01
  0.145736E+01
  0.437661E+00
  0.654723E+00
  0.121294E+01
  0.617785E+00
  0.173661E+01
  0.117862E+01
  0.123729E+01
  0.145805E+01
  0.379699E+00
  0.105667E+01
  0.261554E+01
  0.149643E+01
  0.147278E+01
  0.627172E+00
  0.130173E+01
  0.122373E+01
  0.151804E+01
  0.132885E+01
  0.826450E+00
  0.398158E+00
  0.682923E+00
  0.148928E+01
  0.133672E+01
  0.117065E+01
  0.142571E+01
  0.159798E+01
  0.854246E+00
  0.166303E+01
  0.103026E+01
  0.146094E+01
  0.175332E+01
  0.123700E+01
  0.674265E+00
  0.690160E+00
  0.862892E+00
  0.812517E+00
  0.151684E+01
  0.117752E+01
  0.473336E+00
  0.688617E+00
  0.135567E+01
  0.123490E+01
  0.287510E+00
  0.110031E+01
  0.836839E+00
  0.629480E+00
  0.107054E+01
  0.135219E+01
  0.131801E+01
  0.988533E+00
  0.101016E+01
  0.109167E+01
  0.990536E+00
  0.129168E+01
  0.106559E+01
  0.122334E+01
  0.135075E+01
  0.154894E+01
  0.835659E+00
  0.119429E+01
  0.867657E+00
  0.155901E+01
  0.751932E+00
  0.945092E+00
  0.968869E+00
  0.179623E+01
  0.150769E+01
  0.956746E+00
  0.769654E+00
  0.102732E+01
  0.128822E+01
  0.134170E+01
  0.174450E+01
  0.890480E+00
  0.116042E+01
  0.489192E+00
  0.108160E+01
  0.999548E+00
  0.106812E+01
  0.598552E+00
  0.126735E+01
  0.146184E+01
  0.848371E+00
  0.106116E+01
  0.180070E+01
  0.113946E+01
  0.183716E+01
  0.917272E+00
  0.132280E+01
  0.126901E+01
  0.852303E+00
  0.922454E+00
  0.176744E+01
  0.426923E+00
  0.128502E+01
  0.193785E+01
  0.165438E+01
  0.134898E+01
  0.808115E+00
  0.151694E+01
  0.925508E+00
  0.119524E+01
  0.121450E+01
  0.139568E+01
  0.135662E+01
  0.172658E+01
  0.643361E+00
  0.201739E+01
  0.131175E+01
  0.113521E+01
  0.128078E+01
  0.115464E+01
  0.167981E+01
  0.947966E+00
  0.286834E+00
  0.138288E+01
  0.756170E+00
  0.866310E+00
  0.128942E+01
  0.111337E+01
  0.961957E+00
  0.117139E+01
  0.132199E+01
  0.193486E+01
  0.916793E+00
  0.128254E+01
  0.113790E+01
  0.145969E+01
  0.185670E+01
  0.140881E+01
  0.949942E+00
  0.143109E+01
  0.164224E+01
  0.191075E+01
  0.126068E+01
  0.576887E-01
  0.143335E+01
  0.147292E+01
  0.130156E+01
  0.110338E+01
  0.111752E+01
  0.119982E+01
  0.157093E+01
  0.860363E+00
  0.644968E+00
  0.122040E+01
  0.143397E+01
  0.127663E+01
  0.120211E+01
  0.152265E+01
  0.117115E+01
  0.112260E+01
  0.107192E+01
  0.112384E+01
  0.111914E+01
  0.485121E+00
  0.207470E+01
  0.104709E+01
  0.143738E+01
  0.123363E+01
  0.124988E+01
  0.724891E+00
  0.135683E+01
  0.579229E+00
  0.688043E+00
  0.804220E+00
  0.809317E+00
  0.890201E+00
  0.881148E+00
  0.107193E+01
  0.972403E+00
  0.135057E+01
  0.134470E+01
  0.158175E+01
  0.169763E+01
  0.167593E+01
  0.157072E+01
  0.171371E+01
  0.858261E+00
  0.142150E+01
  0.176343E+01
  0.103295E+01
  0.150498E+01
  0.135374E+01
  0.345346E+00
  0.169933E+01
  0.269503E+00
  0.182521E+01
  0.139079E+01
  0.549130E+00
  0.908423E+00
  0.229727E+00
  0.136296E+01
  0.551598E+00
  0.123271E+01
  0.320901E+00
  0.124518E+01
  0.121050E+01
  0.113065E+01
 -0.231451E-01
  0.124272E+01
  0.339137E+00
  0.892403E+00
  0.150081E+01
  0.104847E+01
  0.157501E+01
  0.141051E+01
  0.144492E+01
  0.138468E+01
  0.165714E+01
  0.579860E+00
  0.150080E+01
  0.110725E+01
  0.852519E+00
  0.125810E+01
  0.172663E+01
  0.110497E+01
  0.100334E+01
  0.127949E+01
  0.145029E+01
  0.166826E+01
  0.106991E+01
  0.117789E+01
  0.216222E+01
  0.131617E+01
  0.183737E+01
  0.149427E+01
  0.582355E+00
  0.117860E+01
  0.537999E+00
  0.197021E+01
  0.594580E+00
  0.887754E+00
  0.110207E+01
  0.863344E+00
  0.564404E+00
  0.137450E+01
  0.673939E+00
  0.834920E+00
  0.127763E+01
  0.148661E+01
  0.523816E+00
  0.666595E+00
  0.174042E+01
  0.136519E+01
  0.120334E+01
  0.191842E+01
  0.668382E+00
  0.987318E+00
  0.885111E+00
  0.121812E+01
  0.168320E+01
  0.168116E+01
  0.131211E+01
  0.112518E+01
  0.129298E+01
  0.734493E+00
  0.142960E+01
  0.101653E+01
  0.102283E+01
  0.103488E+01
  0.962990E+00
  0.118033E+01
  0.112745E+01
  0.906764E+00
  0.935917E+00
  0.144041E+01
  0.118122E+01
  0.670205E+00
  0.793632E+00
  0.104538E+01
  0.137167E+01
  0.116872E+01
  0.135066E+01
  0.105132E+01
  0.110007E+01
  0.968965E+00
  0.124450E+01
  0.768819E+00
  0.136391E+01
  0.996413E+00
  0.858967E+00
  0.134641E+01
  0.109437E+01
  0.869665E+00
  0.813863E+00
  0.149502E+01
  0.128409E+01
  0.103465E+01
  0.117784E+01
  0.382155E+00
  0.193669E+01
  0.170555E+01
  0.949608E+00
  0.127048E+01
  0.112541E+01
  0.156878E+01
  0.161301E+01
  0.105386E+01
  0.134261E+01
  0.111786E+01
  0.101525E+01
  0.163156E+01
  0.108221E+01
  0.139444E+01
  0.116287E+01
  0.229140E+01
  0.966658E+00
  0.171643E+01
  0.309455E+00
  0.119111E+01
  0.867453E+00
  0.790662E+00
  0.911983E+00
  0.141041E+01
  0.136672E+01
  0.924144E+00
  0.123813E+01
  0.683532E+00
  0.204154E+01
  0.651559E+00
  0.198275E+01
  0.146808E+01
  0.208409E+01
  0.122972E+01
  0.140078E+01
  0.915397E+00
  0.107344E+01
  0.185699E+01
  0.140872E+01
  0.147701E+01
  0.970273E+00
  0.110030E+01
  0.765445E+00
  0.170836E+01
  0.205312E+01
  0.804665E+00
  0.493411E+00
  0.167361E+01
  0.143682E+01
  0.694621E+00
  0.144172E+01
  0.114499E+01
  0.132924E+01
  0.144304E+01
  0.533735E+00
  0.737747E+00
  0.967583E+00
  0.149384E+01
  0.959503E+00
  0.605174E+00
  0.101827E+01
  0.862018E+00
  0.147271E+01
  0.150204E+01
  0.553807E+00
  0.181160E+01
  0.107888E+01
  0.943540E+00
  0.105417E+01
  0.639240E+00
  0.658695E+00
  0.122601E+01
  0.780247E+00
  0.137244E+01
  0.104145E+01
  0.925263E+00
  0.143819E+01
  0.710549E+00
  0.102793E+01
  0.148108E+01
  0.630830E+00
  0.749957E+00
  0.149273E+01
  0.157867E+01
  0.139396E+01
  0.136628E+01
  0.213076E+01
  0.135009E+01
  0.103869E+01
  0.139561E+01
  0.143104E+01
  0.184587E+01
  0.120119E+01
  0.140986E+01
  0.436458E+00
  0.117843E+01
  0.149475E+01
  0.124710E+01
  0.155718E+01
  0.196011E+01
  0.161000E+01
  0.108325E+01
  0.594458E+00
  0.654300E+00
  0.115408E+01
  0.126003E+01
  0.150117E+01
  0.131958E+01
  0.157458E+01
  0.101297E+01
  0.158968E+01
  0.113399E+01
  0.100910E+01
  0.874187E+00
  0.106848E+01
  0.737225E+00
  0.177201E+01
  0.122077E+01
  0.116053E+01
  0.133449E+01
  0.146833E+01
  0.171632E+01
  0.102794E+01
  0.122479E+01
  0.135984E+01
  0.122660E+00
  0.134185E+01
  0.159757E+01
  0.636097E+00
  0.243221E+00
  0.173991E+01
  0.130364E+01
  0.541404E+00
  0.180879E+01
  0.132935E+01
  0.180255E+01
  0.107395E+01
  0.140137E+01
  0.110004E+01
  0.914029E+00
  0.137099E+01
  0.159496E+01
  0.100538E+01
  0.132516E+01
  0.103675E+01
  0.174696E+01
  0.142031E+01
  0.167665E+01
  0.960721E+00
  0.130324E+01
  0.839802E+00
  0.137533E+01
  0.119748E+01
  0.126309E+01
  0.921232E+00
  0.144295E+01
  0.179293E+01
  0.190033E+01
  0.593423E+00
  0.129324E+01
  0.109226E+01
  0.376791E+00
  0.157433E+01
  0.116530E+01
  0.117814E+01
  0.168722E+01
  0.140410E+01
  0.135300E+01
  0.125588E+01
  0.116004E+01
  0.215041E+01
  0.885001E+00
  0.145784E+01
  0.152262E+01
  0.408147E+00
  0.840319E+00
  0.127434E+01
  0.805095E+00
  0.981557E+00
  0.312136E+00
  0.769766E+00
  0.165982E+01
  0.844038E+00
  0.194642E+01
  0.105162E+01
  0.170655E+01
  0.195717E+01
  0.974170E+00
  0.126382E+01
  0.152545E+01
  0.148036E+01
  0.769784E+00
  0.143973E+01
  0.787774E+00
  0.304464E+00
  0.559176E+00
  0.161151E+01
  0.155194E+01
  0.990821E+00
  0.115262E+01
  0.135951E+01
  0.129953E+01
  0.206967E+01
  0.824329E+00
  0.150586E+01
  0.868931E+00
  0.152155E+01
  0.996518E+00
  0.205751E+01
  0.152110E+01
  0.140842E+01
  0.143541E+01
  0.169738E+01
  0.164492E+01
  0.141633E+01
  0.136647E+01
  0.140154E+01
  0.936551E+00
  0.164621E+01
  0.160751E+01
  0.152313E+01
  0.123175E+01
  0.805683E+00
  0.107327E+01
  0.509198E+00
  0.108234E+01
  0.113945E+01
  0.150724E+01
  0.600267E+00
  0.138160E+01
  0.705235E+00
  0.125254E+01
  0.773539E+00
  0.595583E+00
  0.158546E+01
  0.100166E+01
  0.947379E+00
  0.171454E+01
  0.784920E+00
  0.863005E+00
  0.164130E+01
  0.573258E+00
  0.187640E+01
  0.147629E+01
  0.753926E+00
  0.146393E+01
  0.143631E+01
  0.151774E+01
  0.236537E+00
  0.153906E+01
  0.750309E+00
  0.940320E+00
  0.120134E+01
  0.109000E+01
  0.108913E+01
  0.106845E+01
  0.624124E+00
  0.136117E+01
  0.610995E+00
  0.152704E+00
  0.165778E+01
  0.157177E+01
  0.158336E+01
  0.117923E+01
  0.148885E+01
  0.229998E+01
  0.124923E+01
  0.947272E+00
  0.109053E+01
  0.111093E+01
  0.136419E+01
  0.119540E+01
  0.122723E+01
  0.114698E+01
  0.119843E+01
  0.827857E+00
  0.904302E+00
  0.705802E+00
  0.888542E+00
  0.579213E+00
  0.121907E+01
  0.145538E+01
  0.164416E+01
  0.835497E+00
  0.141283E+01
  0.696740E+00
  0.173999E+01
  0.183509E+01
  0.852653E+00
  0.117063E+01
  0.101879E+01
  0.121444E+01
  0.153692E+01
  0.188742E+01
  0.106905E+01
  0.166104E+01
  0.837315E+00
  0.997335E+00
  0.100391E+01
  0.820377E+00
  0.105494E+01
  0.149544E+01
  0.152504E+01
  0.104862E+01
  0.121297E+01
  0.908076E+00
  0.930644E+00
  0.150916E+01
  0.969050E+00
  0.134822E+01
  0.112534E+01
  0.122348E+01
  0.784250E+00
  0.155921E+01
  0.961624E+00
  0.118116E+01
  0.770502E+00
  0.108288E+01
  0.154168E+01
  0.889744E+00
  0.134927E+01
  0.108712E+01
  0.622915E+00
  0.115598E+01
  0.959850E+00
  0.955638E+00
  0.215477E+01
  0.150415E+01
  0.922232E+00
  0.109469E+01
  0.111675E+01
  0.113654E+01
  0.134287E+01
  0.991276E+00
  0.372860E+00
  0.899315E+00
  0.839748E+00
  0.131548E+01
  0.413116E+00
  0.416913E+00
  0.594462E+00
  0.977645E+00
  0.552473E+00
  0.548435E+00
  0.164875E+01
  0.135673E+01
  0.102768E+01
  0.159375E+01
  0.161866E+01
  0.152093E+01
  0.158307E+01
  0.126668E+01
  0.927169E+00
  0.359275E+00
  0.621711E+00
  0.745637E+00
  0.491892E+00
  0.889793E+00
  0.112716E+01
  0.148721E+01
  0.188732E+01
  0.115517E+01
  0.157467E+01
  0.788976E+00
  0.167382E+01
  0.128058E+01
  0.106519E+01
  0.140383E+01
  0.147152E+01
  0.146006E+01
  0.517421E+00
  0.104304E+01
  0.101547E+01
  0.111410E+01
  0.143206E+01
  0.927207E+00
  0.107560E+01
  0.103869E+01
  0.135854E+01
  0.758400E+00
  0.131079E+01
  0.129036E+01
  0.185307E+01
  0.862791E+00
  0.581166E+00
  0.102771E+01
  0.103790E+01
  0.103348E+01
  0.708648E+00
  0.105689E+01
  0.175231E+01
  0.132153E+01
  0.171857E+01
  0.232512E+01
  0.874167E+00
  0.200354E+01
  0.172475E+01
  0.206358E+01
  0.620948E+00
  0.875124E+00
  0.162543E+01
  0.129427E+01
  0.150896E+01
  0.117258E+01
  0.996771E+00
  0.124751E+01
  0.140634E+01
  0.144474E+01
  0.996816E+00
  0.615898E+00
  0.112623E+01
  0.101941E+01
  0.174558E+01
  0.121371E+01
  0.139651E+01
  0.904091E+00
  0.493933E+00
  0.150084E+01
  0.115162E+01
  0.130307E+01
  0.376928E+00
  0.149126E+01
  0.149744E+01
  0.225514E+01
  0.993082E+00
  0.446938E+00
  0.195063E+01
  0.882322E+00
  0.175912E+01
  0.746073E+00
  0.105920E+01
  0.118643E+01
  0.702860E+00
  0.140980E+01
  0.120349E+01
  0.225564E+01
  0.675376E+00
  0.544987E+00
  0.111602E+01
  0.992609E+00
  0.159625E+01
  0.143498E+01
  0.837758E+00
  0.870573E+00
  0.173196E+01
  0.143492E+01
  0.164164E+01
  0.134944E+01
  0.157498E+01
  0.153392E+01
  0.123967E+01
  0.307156E+00
  0.129683E+01
  0.370553E+00
  0.126446E+01
  0.237729E+01
  0.124902E+01
  0.143929E+01
  0.116929E+01
  0.125643E+01
  0.129194E+01
  0.140102E+01
  0.155739E+01
  0.103563E+01
  0.142447E+01
  0.954829E+00
  0.143050E+01
  0.792475E+00
  0.116231E+01
  0.107218E+01
  0.146325E+01
  0.858691E+00
  0.152087E+01
  0.169834E+01
  0.115471E+01
  0.893438E+00
  0.984430E+00
  0.105270E+01
  0.503281E+00
  0.704592E+00
  0.165451E+01
  0.115141E+01
  0.146568E+01
  0.992096E+00
  0.134272E+01
  0.147572E+01
  0.865521E+00
  0.173818E+01
  0.118814E+01
  0.143430E+01
  0.127030E+01
  0.135497E+01
  0.105653E+01
  0.933563E+00
  0.638153E+00
  0.415963E+00
  0.118904E+01
  0.131804E+01
  0.114548E+01
  0.579206E+00
  0.130201E+01
  0.101083E+01
  0.176676E+01
  0.129876E+01
  0.913811E+00
  0.931103E+00
  0.496271E+00
  0.101875E+01
  0.471164E+00
  0.581934E+00
  0.729096E+00
  0.174630E+01
  0.171025E+01
  0.142896E+01
  0.114005E+01
  0.986003E+00
  0.124704E+01
  0.104933E+01
  0.122700E+01
  0.148497E+01
  0.123742E+01
  0.140019E+01
  0.137084E+01
  0.130894E+01
  0.137084E+01
  0.110256E+01
  0.114292E+01
  0.128229E+01
  0.132950E+01
  0.129283E+01
  0.124981E+01
  0.809254E+00
  0.177639E+01
  0.678663E+00
  0.110487E+01
  0.102932E+01
  0.442173E+00
  0.143500E+01
  0.579610E+00
  0.803503E+00
  0.117207E+01
  0.150168E+01
  0.954462E+00
  0.102988E+01
  0.164426E+01
  0.802022E+00
  0.113246E+01
  0.139713E+01
  0.104533E+01
  0.119246E+01
  0.138556E+01
  0.120833E+01
  0.120592E+01
  0.155793E+01
  0.123059E+01
  0.168250E+01
  0.133112E+01
  0.946277E+00
  0.994248E+00
  0.598180E+00
  0.146252E+01
  0.124037E+01
  0.722047E+00
  0.114309E+01
  0.141267E+01
  0.857563E+00
  0.142695E+01
  0.102588E+01
  0.146704E+01
  0.164265E+01
  0.216621E+01
  0.577257E+00
  0.100091E+01
  0.113427E+01
  0.123682E+01
  0.103385E+01
  0.167206E+01
  0.143358E+01
  0.773931E+00
  0.953343E+00
  0.778910E+00
  0.492114E+00
  0.995203E+00
  0.115305E+01
  0.145458E+01
  0.142559E+01
  0.185736E+01
  0.161168E+01
  0.144269E+01
  0.592666E+00
  0.131169E+01
  0.128915E+01
  0.149889E+01
  0.109903E+01
  0.174462E+01
  0.373884E+00
  0.138688E+01
  0.979341E+00
  0.111554E+01
  0.145620E+01
  0.115957E+01
  0.414217E+00
  0.131894E+01
  0.108065E+01
  0.120432E+01
  0.106455E+01
  0.413612E+00
  0.154674E+01
  0.164485E+01
