-0.8995517E+01
-0.8815907E+01
-0.8659686E+01
-0.8551139E+01
-0.8439694E+01
-0.8297436E+01
-0.8314297E+01
-0.8178944E+01
-0.8051115E+01
-0.7933263E+01
-0.8014343E+01
-0.8003572E+01
-0.7871703E+01
-0.7877896E+01
-0.7873129E+01
-0.7951221E+01
-0.7913889E+01
-0.7860160E+01
-0.7869675E+01
-0.7816077E+01
-0.7872928E+01
-0.7825749E+01
-0.7732493E+01
-0.7795577E+01
-0.7797611E+01
-0.7783456E+01
-0.7750095E+01
-0.7747467E+01
-0.7773658E+01
-0.7843995E+01
-0.7874277E+01
-0.7837090E+01
-0.7842705E+01
-0.7778179E+01
-0.7790118E+01
-0.7745857E+01
-0.7773592E+01
-0.7727273E+01
-0.7757921E+01
-0.7761506E+01
-0.7762016E+01
-0.7851952E+01
-0.7833068E+01
-0.7790502E+01
-0.7769362E+01
-0.7795943E+01
-0.7721334E+01
-0.7608397E+01
-0.7629412E+01
-0.7601123E+01
-0.7600199E+01
-0.7523808E+01
-0.7499242E+01
-0.7610486E+01
-0.7667474E+01
-0.7786516E+01
-0.7745951E+01
-0.7597195E+01
-0.7589374E+01
-0.7639121E+01
-0.7677949E+01
-0.7650175E+01
-0.7599611E+01
-0.7574791E+01
-0.7648126E+01
-0.7545636E+01
-0.7531824E+01
-0.7498345E+01
-0.7641979E+01
-0.7757642E+01
-0.7708089E+01
-0.7712678E+01
-0.7682029E+01
-0.7696350E+01
-0.7769041E+01
-0.7679116E+01
-0.7693297E+01
-0.7667989E+01
-0.7696057E+01
-0.7778572E+01
-0.7775680E+01
-0.7716970E+01
-0.7701994E+01
-0.7703282E+01
-0.7636808E+01
-0.7600622E+01
-0.7618426E+01
-0.7675857E+01
-0.7703219E+01
-0.7620088E+01
-0.7637607E+01
-0.7684024E+01
-0.7693053E+01
-0.7773096E+01
-0.7741069E+01
-0.7750332E+01
-0.7770223E+01
-0.7778520E+01
-0.7788129E+01
-0.7724310E+01
-0.7683071E+01
-0.7713669E+01
-0.7726803E+01
-0.7739013E+01
-0.7653717E+01
-0.7667951E+01
-0.7646494E+01
-0.7720500E+01
-0.7637969E+01
-0.7631446E+01
-0.7687145E+01
-0.7665277E+01
-0.7666561E+01
-0.7686181E+01
-0.7665098E+01
-0.7591797E+01
-0.7630045E+01
-0.7686173E+01
-0.7719072E+01
-0.7704971E+01
-0.7692045E+01
-0.7666308E+01
-0.7592802E+01
-0.7557351E+01
-0.7603584E+01
-0.7601435E+01
-0.7601877E+01
-0.7565923E+01
-0.7511537E+01
-0.7652020E+01
-0.7751306E+01
-0.7848615E+01
-0.7795316E+01
-0.7707436E+01
-0.7717380E+01
-0.7714628E+01
-0.7638589E+01
-0.7628343E+01
-0.7662427E+01
-0.7678857E+01
-0.7536129E+01
-0.7419254E+01
-0.7505969E+01
-0.7458434E+01
-0.7490438E+01
-0.7547875E+01
-0.7612911E+01
-0.7727479E+01
-0.7691221E+01
-0.7650022E+01
-0.7623331E+01
-0.7640712E+01
-0.7657931E+01
-0.7692595E+01
-0.7654919E+01
-0.7659280E+01
-0.7556128E+01
-0.7533942E+01
-0.7628143E+01
-0.7660824E+01
-0.7546316E+01
-0.7440125E+01
-0.7435149E+01
-0.7487515E+01
-0.7581539E+01
-0.7675662E+01
-0.7709909E+01
-0.7677888E+01
-0.7721377E+01
-0.7725802E+01
-0.7692772E+01
-0.7802871E+01
-0.7855395E+01
-0.7755189E+01
-0.7679987E+01
-0.7618330E+01
-0.7473460E+01
-0.7508061E+01
-0.7568352E+01
-0.7572542E+01
-0.7576619E+01
-0.7478052E+01
-0.7624775E+01
-0.7664927E+01
-0.7631179E+01
-0.7555217E+01
-0.7557496E+01
-0.7633994E+01
-0.7677141E+01
-0.7596121E+01
-0.7649271E+01
-0.7573050E+01
-0.7524738E+01
-0.7520501E+01
-0.7558334E+01
-0.7531016E+01
-0.7623980E+01
-0.7511007E+01
-0.7391742E+01
-0.7433690E+01
-0.7396608E+01
-0.7429003E+01
-0.7481569E+01
-0.7463558E+01
-0.7564242E+01
-0.7559499E+01
-0.7470401E+01
-0.7416783E+01
-0.7422221E+01
-0.7318918E+01
-0.7425578E+01
-0.7517242E+01
-0.7555113E+01
-0.7527705E+01
-0.7517956E+01
-0.7563634E+01
-0.7651162E+01
-0.7656843E+01
-0.7629164E+01
-0.7622295E+01
-0.7543547E+01
-0.7462819E+01
-0.7481794E+01
-0.7425611E+01
-0.7406481E+01
-0.7477336E+01
-0.7568052E+01
-0.7532288E+01
-0.7478873E+01
-0.7447716E+01
-0.7452058E+01
-0.7369467E+01
-0.7426241E+01
-0.7471399E+01
-0.7516130E+01
-0.7483984E+01
-0.7474638E+01
-0.7568715E+01
-0.7588674E+01
-0.7590142E+01
-0.7524554E+01
-0.7434987E+01
-0.7452022E+01
-0.7510413E+01
-0.7550374E+01
-0.7680169E+01
-0.7701781E+01
-0.7680082E+01
-0.7675725E+01
-0.7576870E+01
-0.7536108E+01
-0.7477308E+01
-0.7439579E+01
-0.7357281E+01
-0.7405542E+01
-0.7501451E+01
-0.7475191E+01
-0.7470244E+01
-0.7395231E+01
-0.7444249E+01
-0.7514120E+01
-0.7511734E+01
-0.7467135E+01
-0.7540054E+01
-0.7586519E+01
-0.7627194E+01
-0.7600237E+01
-0.7583402E+01
-0.7511792E+01
-0.7616802E+01
-0.7661747E+01
-0.7647690E+01
-0.7534842E+01
-0.7519199E+01
-0.7538778E+01
-0.7568720E+01
-0.7601038E+01
-0.7538513E+01
-0.7579544E+01
-0.7538868E+01
-0.7604839E+01
-0.7642784E+01
-0.7708885E+01
-0.7772951E+01
-0.7736623E+01
-0.7745772E+01
-0.7708708E+01
-0.7631581E+01
-0.7707482E+01
-0.7714357E+01
-0.7509397E+01
-0.7539633E+01
-0.7503432E+01
-0.7406660E+01
-0.7430563E+01
-0.7362737E+01
-0.7467681E+01
-0.7438712E+01
-0.7537330E+01
-0.7647548E+01
-0.7706024E+01
-0.7763302E+01
-0.7726112E+01
-0.7686042E+01
-0.7633457E+01
-0.7594377E+01
-0.7499041E+01
-0.7360493E+01
-0.7462344E+01
-0.7542664E+01
-0.7559599E+01
-0.7581901E+01
-0.7545256E+01
-0.7550929E+01
-0.7552040E+01
-0.7581700E+01
-0.7521577E+01
-0.7549293E+01
-0.7503167E+01
-0.7538661E+01
-0.7590852E+01
-0.7589026E+01
-0.7620989E+01
-0.7577014E+01
-0.7493381E+01
-0.7529667E+01
-0.7535998E+01
-0.7455935E+01
-0.7388794E+01
-0.7541912E+01
-0.7650205E+01
-0.7531302E+01
-0.7610802E+01
-0.7668765E+01
-0.7654400E+01
-0.7699348E+01
-0.7777234E+01
-0.7768793E+01
-0.7724498E+01
-0.7756538E+01
-0.7774653E+01
-0.7728598E+01
-0.7740859E+01
-0.7734865E+01
-0.7860145E+01
-0.7878067E+01
-0.7815373E+01
-0.7840205E+01
-0.7798208E+01
-0.7771796E+01
-0.7737561E+01
-0.7689605E+01
-0.7685175E+01
-0.7703837E+01
-0.7689286E+01
-0.7754905E+01
-0.7742353E+01
-0.7716964E+01
-0.7621251E+01
-0.7607107E+01
-0.7622224E+01
-0.7648391E+01
-0.7549273E+01
-0.7484616E+01
-0.7503364E+01
-0.7525585E+01
-0.7512170E+01
-0.7605447E+01
-0.7691330E+01
-0.7680788E+01
-0.7653525E+01
-0.7572574E+01
-0.7506083E+01
-0.7414599E+01
-0.7518375E+01
-0.7540973E+01
-0.7599228E+01
-0.7589768E+01
-0.7615159E+01
-0.7610132E+01
-0.7611996E+01
-0.7570480E+01
-0.7549031E+01
-0.7611980E+01
-0.7601280E+01
-0.7652886E+01
-0.7665903E+01
-0.7670343E+01
-0.7621086E+01
-0.7497346E+01
-0.7507968E+01
-0.7554487E+01
-0.7554287E+01
-0.7644308E+01
-0.7587686E+01
-0.7577712E+01
-0.7556501E+01
-0.7677153E+01
-0.7629453E+01
-0.7673118E+01
-0.7709412E+01
-0.7755192E+01
-0.7663579E+01
-0.7715292E+01
-0.7708888E+01
-0.7615360E+01
-0.7645497E+01
-0.7685544E+01
-0.7676314E+01
-0.7642483E+01
-0.7521782E+01
-0.7588737E+01
-0.7617858E+01
-0.7713277E+01
-0.7742275E+01
-0.7683101E+01
-0.7725269E+01
-0.7764873E+01
-0.7793013E+01
-0.7804061E+01
-0.7777510E+01
-0.7712816E+01
-0.7685778E+01
-0.7647524E+01
-0.7751825E+01
-0.7872087E+01
-0.7841419E+01
-0.7754200E+01
-0.7666488E+01
-0.7642361E+01
-0.7611043E+01
-0.7693334E+01
-0.7722302E+01
-0.7659517E+01
-0.7653591E+01
-0.7632263E+01
-0.7623134E+01
-0.7459663E+01
-0.7419526E+01
-0.7494576E+01
-0.7534464E+01
-0.7654879E+01
-0.7660503E+01
-0.7638902E+01
-0.7624588E+01
-0.7659644E+01
-0.7669662E+01
-0.7611652E+01
-0.7690144E+01
-0.7747532E+01
-0.7644798E+01
-0.7598521E+01
-0.7642483E+01
-0.7604147E+01
-0.7636831E+01
-0.7674460E+01
-0.7662279E+01
-0.7753781E+01
-0.7773676E+01
-0.7781612E+01
-0.7831922E+01
-0.7743679E+01
-0.7702593E+01
-0.7668372E+01
-0.7734635E+01
-0.7669584E+01
-0.7690568E+01
-0.7706052E+01
-0.7802992E+01
-0.7876323E+01
-0.7936440E+01
-0.7881102E+01
-0.7801570E+01
-0.7771918E+01
-0.7656188E+01
-0.7708560E+01
-0.7671919E+01
-0.7693194E+01
-0.7739575E+01
-0.7697219E+01
-0.7735345E+01
-0.7733835E+01
-0.7670940E+01
-0.7693105E+01
-0.7754146E+01
-0.7821516E+01
-0.7786241E+01
-0.7667245E+01
-0.7614650E+01
-0.7618743E+01
-0.7639457E+01
-0.7634573E+01
-0.7632789E+01
-0.7691203E+01
-0.7722451E+01
-0.7759353E+01
-0.7941900E+01
-0.7952542E+01
-0.7837729E+01
-0.7748743E+01
-0.7730947E+01
-0.7750589E+01
-0.7701958E+01
-0.7629248E+01
-0.7696194E+01
-0.7717460E+01
-0.7654105E+01
-0.7695677E+01
-0.7630610E+01
-0.7626916E+01
-0.7529695E+01
-0.7597132E+01
-0.7545346E+01
-0.7496333E+01
-0.7542298E+01
-0.7538584E+01
-0.7641031E+01
-0.7687992E+01
-0.7664163E+01
-0.7676893E+01
-0.7635600E+01
-0.7532677E+01
-0.7568677E+01
-0.7615043E+01
-0.7618229E+01
-0.7594346E+01
-0.7654149E+01
-0.7726832E+01
-0.7652144E+01
-0.7512104E+01
-0.7465461E+01
-0.7516512E+01
-0.7522886E+01
-0.7645278E+01
-0.7691563E+01
-0.7677314E+01
-0.7618278E+01
-0.7645880E+01
-0.7668163E+01
-0.7604813E+01
-0.7628478E+01
-0.7610941E+01
-0.7634204E+01
-0.7579747E+01
-0.7637772E+01
-0.7736617E+01
-0.7811646E+01
-0.7826589E+01
-0.7881652E+01
-0.7919042E+01
-0.7804217E+01
-0.7786019E+01
-0.7731234E+01
-0.7746026E+01
-0.7789279E+01
-0.7888810E+01
-0.7884562E+01
-0.7808796E+01
-0.7821177E+01
-0.7800710E+01
-0.7751143E+01
-0.7798261E+01
-0.7789896E+01
-0.7793236E+01
-0.7764597E+01
-0.7788064E+01
-0.7770835E+01
-0.7775821E+01
-0.7645311E+01
-0.7532142E+01
-0.7487913E+01
-0.7543151E+01
-0.7555782E+01
-0.7609207E+01
-0.7625846E+01
-0.7560435E+01
-0.7536392E+01
-0.7626794E+01
-0.7596732E+01
-0.7569708E+01
-0.7583085E+01
-0.7557938E+01
-0.7577393E+01
-0.7462983E+01
-0.7414905E+01
-0.7473558E+01
-0.7584393E+01
-0.7593309E+01
-0.7539294E+01
-0.7511070E+01
-0.7431068E+01
-0.7457117E+01
-0.7549682E+01
-0.7467016E+01
-0.7535111E+01
-0.7485659E+01
-0.7488931E+01
-0.7535231E+01
-0.7547266E+01
-0.7504513E+01
-0.7612949E+01
-0.7651543E+01
-0.7613393E+01
-0.7636240E+01
-0.7603473E+01
-0.7633956E+01
-0.7611997E+01
-0.7515964E+01
-0.7494524E+01
-0.7426125E+01
-0.7437833E+01
-0.7492410E+01
-0.7565771E+01
-0.7563569E+01
-0.7588847E+01
-0.7597215E+01
-0.7519663E+01
-0.7532278E+01
-0.7476129E+01
-0.7567999E+01
-0.7579775E+01
-0.7583673E+01
-0.7533637E+01
-0.7552447E+01
-0.7557182E+01
-0.7451860E+01
-0.7501563E+01
-0.7535008E+01
-0.7575832E+01
-0.7566299E+01
-0.7558470E+01
-0.7471958E+01
-0.7539337E+01
-0.7622189E+01
-0.7606405E+01
-0.7540442E+01
-0.7654130E+01
-0.7556951E+01
-0.7613354E+01
-0.7609645E+01
-0.7543329E+01
-0.7504379E+01
-0.7516566E+01
-0.7652068E+01
-0.7609112E+01
-0.7555468E+01
-0.7613950E+01
-0.7676753E+01
-0.7620522E+01
-0.7573127E+01
-0.7682006E+01
-0.7660319E+01
-0.7752649E+01
-0.7728830E+01
-0.7738187E+01
-0.7633815E+01
-0.7663153E+01
-0.7640041E+01
-0.7692114E+01
-0.7748110E+01
-0.7807199E+01
-0.7728555E+01
-0.7742221E+01
-0.7742161E+01
-0.7800920E+01
-0.7722052E+01
-0.7586051E+01
-0.7601643E+01
-0.7666595E+01
-0.7740975E+01
-0.7666509E+01
-0.7643817E+01
-0.7585993E+01
-0.7566828E+01
-0.7656290E+01
-0.7699020E+01
-0.7588013E+01
-0.7551268E+01
-0.7715317E+01
-0.7791375E+01
-0.7765021E+01
-0.7782311E+01
-0.7721392E+01
-0.7673192E+01
-0.7548523E+01
-0.7449757E+01
-0.7472490E+01
-0.7584366E+01
-0.7659445E+01
-0.7661813E+01
-0.7601448E+01
-0.7643158E+01
-0.7702455E+01
-0.7781378E+01
-0.7705053E+01
-0.7625029E+01
-0.7495545E+01
-0.7509269E+01
-0.7604744E+01
-0.7622390E+01
-0.7646312E+01
-0.7854417E+01
-0.7821049E+01
-0.7801569E+01
-0.7889313E+01
-0.7883275E+01
-0.7977809E+01
-0.8068761E+01
-0.8007911E+01
-0.7843867E+01
-0.7813451E+01
-0.7776216E+01
-0.7770461E+01
-0.7867144E+01
-0.7908185E+01
-0.7796178E+01
-0.7745760E+01
-0.7818074E+01
-0.7899425E+01
-0.7884800E+01
-0.7853448E+01
-0.7819230E+01
-0.7757892E+01
-0.7637813E+01
-0.7768954E+01
-0.7710968E+01
-0.7681179E+01
-0.7739496E+01
-0.7706215E+01
-0.7725044E+01
-0.7767184E+01
-0.7761959E+01
-0.7699153E+01
-0.7654044E+01
-0.7553161E+01
-0.7503364E+01
-0.7526370E+01
-0.7516024E+01
-0.7538531E+01
-0.7510066E+01
-0.7452055E+01
-0.7486899E+01
-0.7549445E+01
-0.7626677E+01
-0.7636091E+01
-0.7649993E+01
-0.7599514E+01
-0.7549681E+01
-0.7552308E+01
-0.7615736E+01
-0.7641865E+01
-0.7641091E+01
-0.7534250E+01
-0.7537228E+01
-0.7634448E+01
-0.7692595E+01
-0.7667339E+01
-0.7657743E+01
-0.7643961E+01
-0.7664656E+01
-0.7678137E+01
-0.7603038E+01
-0.7568329E+01
-0.7525201E+01
-0.7488398E+01
-0.7522200E+01
-0.7612830E+01
-0.7640401E+01
-0.7523789E+01
-0.7466494E+01
-0.7576949E+01
-0.7630294E+01
-0.7682810E+01
-0.7690567E+01
-0.7690064E+01
-0.7717076E+01
-0.7689289E+01
-0.7703075E+01
-0.7674460E+01
-0.7690879E+01
-0.7711217E+01
-0.7614968E+01
-0.7577829E+01
-0.7579336E+01
-0.7613101E+01
-0.7664081E+01
-0.7687485E+01
-0.7729593E+01
-0.7636833E+01
-0.7584360E+01
-0.7560498E+01
-0.7623544E+01
-0.7710985E+01
-0.7713826E+01
-0.7740331E+01
-0.7735740E+01
-0.7722031E+01
-0.7680070E+01
-0.7726222E+01
-0.7153790E+01
