-0.7436823E+01
-0.7290942E+01
-0.7271528E+01
-0.7282786E+01
-0.7283622E+01
-0.7268156E+01
-0.7401003E+01
-0.7304412E+01
-0.7211659E+01
-0.7231061E+01
-0.7272380E+01
-0.7287718E+01
-0.7240896E+01
-0.7121189E+01
-0.7098841E+01
-0.7169402E+01
-0.7166890E+01
-0.7161854E+01
-0.7204029E+01
-0.7284694E+01
-0.7260288E+01
-0.7368507E+01
-0.7472383E+01
-0.7442443E+01
-0.7448409E+01
-0.7409199E+01
-0.7353145E+01
-0.7242572E+01
-0.7277459E+01
-0.7245890E+01
-0.7159036E+01
-0.7268178E+01
-0.7234837E+01
-0.7165567E+01
-0.7165357E+01
-0.7137534E+01
-0.7231942E+01
-0.7225935E+01
-0.7161420E+01
-0.7183465E+01
-0.7257877E+01
-0.7279006E+01
-0.7284249E+01
-0.7306481E+01
-0.7240192E+01
-0.7286245E+01
-0.7316336E+01
-0.7251441E+01
-0.7192566E+01
-0.7191351E+01
-0.7065362E+01
-0.7050815E+01
-0.7116456E+01
-0.7186705E+01
-0.7242357E+01
-0.7240123E+01
-0.7284564E+01
-0.7385903E+01
-0.7468834E+01
-0.7427641E+01
-0.7378051E+01
-0.7315574E+01
-0.7287397E+01
-0.7262906E+01
-0.7197077E+01
-0.7187754E+01
-0.7136347E+01
-0.7149802E+01
-0.7301047E+01
-0.7281932E+01
-0.7353314E+01
-0.7434607E+01
-0.7375526E+01
-0.7397572E+01
-0.7433974E+01
-0.7477175E+01
-0.7471739E+01
-0.7474228E+01
-0.7517910E+01
-0.7525722E+01
-0.7520280E+01
-0.7534158E+01
-0.7539559E+01
-0.7539150E+01
-0.7533163E+01
-0.7426446E+01
-0.7417031E+01
-0.7475554E+01
-0.7415210E+01
-0.7377752E+01
-0.7319138E+01
-0.7203720E+01
-0.7294216E+01
-0.7290163E+01
-0.7310827E+01
-0.7302531E+01
-0.7339285E+01
-0.7252367E+01
-0.7232718E+01
-0.7275662E+01
-0.7265286E+01
-0.7304889E+01
-0.7294852E+01
-0.7326115E+01
-0.7372363E+01
-0.7349264E+01
-0.7243128E+01
-0.7247766E+01
-0.7135904E+01
-0.7187810E+01
-0.7205102E+01
-0.7187090E+01
-0.7225443E+01
-0.7339975E+01
-0.7388453E+01
-0.7366831E+01
-0.7413865E+01
-0.7405806E+01
-0.7456167E+01
-0.7490031E+01
-0.7508979E+01
-0.7393536E+01
-0.7544729E+01
-0.7558480E+01
-0.7529934E+01
-0.7519185E+01
-0.7507975E+01
-0.7441707E+01
-0.7401137E+01
-0.7329151E+01
-0.7430436E+01
-0.7374641E+01
-0.7437572E+01
-0.7429181E+01
-0.7383988E+01
-0.7332821E+01
-0.7356277E+01
-0.7359934E+01
-0.7333729E+01
-0.7295437E+01
-0.7275976E+01
-0.7210160E+01
-0.7143901E+01
-0.7235679E+01
-0.7258835E+01
-0.7292170E+01
-0.7265981E+01
-0.7355157E+01
-0.7342832E+01
-0.7243137E+01
-0.7342187E+01
-0.7344353E+01
-0.7379647E+01
-0.7300441E+01
-0.7179545E+01
-0.7230344E+01
-0.7287067E+01
-0.7309550E+01
-0.7286417E+01
-0.7279682E+01
-0.7259997E+01
-0.7296082E+01
-0.7322736E+01
-0.7325268E+01
-0.7291020E+01
-0.7341709E+01
-0.7317941E+01
-0.7313456E+01
-0.7297579E+01
-0.7319007E+01
-0.7344395E+01
-0.7322025E+01
-0.7359730E+01
-0.7408579E+01
-0.7441008E+01
-0.7388998E+01
-0.7433582E+01
-0.7407153E+01
-0.7342180E+01
-0.7292824E+01
-0.7295878E+01
-0.7323310E+01
-0.7408656E+01
-0.7522493E+01
-0.7537336E+01
-0.7442361E+01
-0.7354001E+01
-0.7343525E+01
-0.7338605E+01
-0.7346111E+01
-0.7283127E+01
-0.7286855E+01
-0.7219764E+01
-0.7245182E+01
-0.7315990E+01
-0.7378766E+01
-0.7325488E+01
-0.7318907E+01
-0.7284392E+01
-0.7308407E+01
-0.7294868E+01
-0.7270214E+01
-0.7288433E+01
-0.7330675E+01
-0.7376584E+01
-0.7287319E+01
-0.7257963E+01
-0.7297135E+01
-0.7264184E+01
-0.7246036E+01
-0.7182689E+01
-0.7261936E+01
-0.7215440E+01
-0.7136820E+01
-0.7346454E+01
-0.7375266E+01
-0.7424863E+01
-0.7445021E+01
-0.7425185E+01
-0.7403261E+01
-0.7314310E+01
-0.7248219E+01
-0.7256231E+01
-0.7306652E+01
-0.7351719E+01
-0.7297415E+01
-0.7295253E+01
-0.7273455E+01
-0.7261193E+01
-0.7295420E+01
-0.7311034E+01
-0.7254024E+01
-0.7219106E+01
-0.7248359E+01
-0.7215771E+01
-0.7192349E+01
-0.7264493E+01
-0.7367806E+01
-0.7310435E+01
-0.7341278E+01
-0.7337076E+01
-0.7319807E+01
-0.7373950E+01
-0.7368823E+01
-0.7309989E+01
-0.7334395E+01
-0.7192116E+01
-0.7247665E+01
-0.7251712E+01
-0.7262043E+01
-0.7313492E+01
-0.7185946E+01
-0.7260154E+01
-0.7323228E+01
-0.7362467E+01
-0.7294095E+01
-0.7146353E+01
-0.7231783E+01
-0.7294138E+01
-0.7380769E+01
-0.7346217E+01
-0.7382253E+01
-0.7426908E+01
-0.7395338E+01
-0.7406793E+01
-0.7345547E+01
-0.7273927E+01
-0.7306785E+01
-0.7332751E+01
-0.7290486E+01
-0.7371670E+01
-0.7502820E+01
-0.7368768E+01
-0.7374911E+01
-0.7306223E+01
-0.7287153E+01
-0.7187828E+01
-0.7115277E+01
-0.7125378E+01
-0.7199859E+01
-0.7230064E+01
-0.7249258E+01
-0.7286667E+01
-0.7354124E+01
-0.7338200E+01
-0.7283855E+01
-0.7245282E+01
-0.7276625E+01
-0.7227090E+01
-0.7161542E+01
-0.7290687E+01
-0.7285440E+01
-0.7270804E+01
-0.7329153E+01
-0.7337434E+01
-0.7311986E+01
-0.7290812E+01
-0.7344365E+01
-0.7329223E+01
-0.7307533E+01
-0.7283575E+01
-0.7210411E+01
-0.7095464E+01
-0.7139272E+01
-0.7127395E+01
-0.7169874E+01
-0.7218995E+01
-0.7150722E+01
-0.7192078E+01
-0.7276137E+01
-0.7277858E+01
-0.7231483E+01
-0.7162005E+01
-0.7162177E+01
-0.7177246E+01
-0.7190616E+01
-0.7193126E+01
-0.7177801E+01
-0.7124226E+01
-0.7244136E+01
-0.7205803E+01
-0.7185858E+01
-0.7218582E+01
-0.7293604E+01
-0.7258384E+01
-0.7207863E+01
-0.7113400E+01
-0.7180281E+01
-0.7178912E+01
-0.7229222E+01
-0.7233866E+01
-0.7232808E+01
-0.7268218E+01
-0.7246389E+01
-0.7154207E+01
-0.7188721E+01
-0.7157932E+01
-0.7185521E+01
-0.7214373E+01
-0.7286559E+01
-0.7236977E+01
-0.7219597E+01
-0.7203556E+01
-0.7217642E+01
-0.7283701E+01
-0.7306727E+01
-0.7194887E+01
-0.7161475E+01
-0.7211112E+01
-0.7204967E+01
-0.7160354E+01
-0.7050209E+01
-0.7068018E+01
-0.7126322E+01
-0.7151659E+01
-0.7101974E+01
-0.7106711E+01
-0.7182614E+01
-0.7162087E+01
-0.7096343E+01
-0.7095255E+01
-0.7128373E+01
-0.7091501E+01
-0.7115359E+01
-0.7200359E+01
-0.7174799E+01
-0.7123502E+01
-0.7077289E+01
-0.7085885E+01
-0.7134099E+01
-0.7161242E+01
-0.7227942E+01
-0.7175603E+01
-0.7158928E+01
-0.7258560E+01
-0.7263500E+01
-0.7197103E+01
-0.7284109E+01
-0.7364281E+01
-0.7406810E+01
-0.7400636E+01
-0.7433332E+01
-0.7346713E+01
-0.7260929E+01
-0.7388027E+01
-0.7421257E+01
-0.7462458E+01
-0.7311739E+01
-0.7230212E+01
-0.7176720E+01
-0.7153092E+01
-0.7053064E+01
-0.7093070E+01
-0.7175549E+01
-0.7244947E+01
-0.7221603E+01
-0.7249221E+01
-0.7236523E+01
-0.7181577E+01
-0.7180311E+01
-0.7225038E+01
-0.7186995E+01
-0.7129699E+01
-0.7112891E+01
-0.7128679E+01
-0.7103285E+01
-0.7236046E+01
-0.7301016E+01
-0.7297319E+01
-0.7321811E+01
-0.7298384E+01
-0.7267611E+01
-0.7257104E+01
-0.7252353E+01
-0.7299820E+01
-0.7289037E+01
-0.7270993E+01
-0.7246777E+01
-0.7241959E+01
-0.7232964E+01
-0.7284060E+01
-0.7345899E+01
-0.7339345E+01
-0.7315039E+01
-0.7365269E+01
-0.7472296E+01
-0.7460512E+01
-0.7420857E+01
-0.7338706E+01
-0.7208340E+01
-0.7192915E+01
-0.7193698E+01
-0.7172413E+01
-0.7295545E+01
-0.7305920E+01
-0.7304178E+01
-0.7310748E+01
-0.7267095E+01
-0.7257276E+01
-0.7274011E+01
-0.7209547E+01
-0.7141444E+01
-0.7228726E+01
-0.7108813E+01
-0.7151003E+01
-0.7166589E+01
-0.7212340E+01
-0.7162191E+01
-0.7160834E+01
-0.7178144E+01
-0.7226953E+01
-0.7272788E+01
-0.7304825E+01
-0.7403247E+01
-0.7398575E+01
-0.7350783E+01
-0.7328340E+01
-0.7356824E+01
-0.7371706E+01
-0.7365590E+01
-0.7358501E+01
-0.7341747E+01
-0.7231863E+01
-0.7280897E+01
-0.7173625E+01
-0.7184284E+01
-0.7230137E+01
-0.7254075E+01
-0.7204565E+01
-0.7106870E+01
-0.7156695E+01
-0.7214643E+01
-0.7184631E+01
-0.7172181E+01
-0.7149805E+01
-0.7088445E+01
-0.7088073E+01
-0.7160497E+01
-0.7153563E+01
-0.7093673E+01
-0.7109908E+01
-0.7130905E+01
-0.7022872E+01
-0.7040425E+01
-0.7071585E+01
-0.7087276E+01
-0.7113059E+01
-0.7163012E+01
-0.7118739E+01
-0.7189794E+01
-0.7242842E+01
-0.7355948E+01
-0.7394726E+01
-0.7401896E+01
-0.7445748E+01
-0.7352229E+01
-0.7329995E+01
-0.7339451E+01
-0.7415013E+01
-0.7434536E+01
-0.7514862E+01
-0.7466004E+01
-0.7359151E+01
-0.7237735E+01
-0.7207813E+01
-0.7193366E+01
-0.7231744E+01
-0.7303835E+01
-0.7356093E+01
-0.7384586E+01
-0.7330095E+01
-0.7393033E+01
-0.7433512E+01
-0.7391664E+01
-0.7361460E+01
-0.7382414E+01
-0.7412093E+01
-0.7426756E+01
-0.7387926E+01
-0.7404701E+01
-0.7308676E+01
-0.7238811E+01
-0.7301703E+01
-0.7368803E+01
-0.7384004E+01
-0.7358863E+01
-0.7414967E+01
-0.7437220E+01
-0.7408214E+01
-0.7332185E+01
-0.7274351E+01
-0.7211153E+01
-0.7161499E+01
-0.7209391E+01
-0.7243799E+01
-0.7231543E+01
-0.7216461E+01
-0.7220522E+01
-0.7299046E+01
-0.7282178E+01
-0.7264314E+01
-0.7117966E+01
-0.7224093E+01
-0.7303377E+01
-0.7317195E+01
-0.7254820E+01
-0.7220528E+01
-0.7316903E+01
-0.7353886E+01
-0.7363062E+01
-0.7339886E+01
-0.7386515E+01
-0.7454592E+01
-0.7418483E+01
-0.7407812E+01
-0.7424577E+01
-0.7434476E+01
-0.7468216E+01
-0.7480158E+01
-0.7419297E+01
-0.7360321E+01
-0.7296617E+01
-0.7252521E+01
-0.7256775E+01
-0.7250959E+01
-0.7267776E+01
-0.7227810E+01
-0.7245131E+01
-0.7278308E+01
-0.7283206E+01
-0.7293660E+01
-0.7304750E+01
-0.7318614E+01
-0.7355285E+01
-0.7349989E+01
-0.7366358E+01
-0.7424029E+01
-0.7398610E+01
-0.7364096E+01
-0.7324391E+01
-0.7259782E+01
-0.7197223E+01
-0.7148760E+01
-0.7254192E+01
-0.7223845E+01
-0.7199948E+01
-0.7134472E+01
-0.7191790E+01
-0.7211785E+01
-0.7293995E+01
-0.7265708E+01
-0.7247819E+01
-0.7333833E+01
-0.7288839E+01
-0.7261957E+01
-0.7202670E+01
-0.7165545E+01
-0.7137254E+01
-0.7220892E+01
-0.7221612E+01
-0.7181496E+01
-0.7106646E+01
-0.7127071E+01
-0.7187385E+01
-0.7250858E+01
-0.7295531E+01
-0.7325193E+01
-0.7255866E+01
-0.7161867E+01
-0.7134660E+01
-0.7055206E+01
-0.7075058E+01
-0.7147364E+01
-0.7129745E+01
-0.7181749E+01
-0.7309601E+01
-0.7207728E+01
-0.7120592E+01
-0.7147873E+01
-0.7279283E+01
-0.7254956E+01
-0.7258447E+01
-0.7331010E+01
-0.7308344E+01
-0.7405896E+01
-0.7387057E+01
-0.7426753E+01
-0.7455279E+01
-0.7408099E+01
-0.7406509E+01
-0.7360632E+01
-0.7286725E+01
-0.7281021E+01
-0.7272229E+01
-0.7301728E+01
-0.7308601E+01
-0.7283977E+01
-0.7297049E+01
-0.7266089E+01
-0.7300952E+01
-0.7279080E+01
-0.7298589E+01
-0.7321567E+01
-0.7343274E+01
-0.7333491E+01
-0.7283329E+01
-0.7234065E+01
-0.7167905E+01
-0.7227002E+01
-0.7235167E+01
-0.7313532E+01
-0.7357456E+01
-0.7281964E+01
-0.7287964E+01
-0.7298506E+01
-0.7241131E+01
-0.7297886E+01
-0.7340248E+01
-0.7376565E+01
-0.7405963E+01
-0.7401683E+01
-0.7333980E+01
-0.7285947E+01
-0.7312695E+01
-0.7277947E+01
-0.7249878E+01
-0.7155769E+01
-0.7174478E+01
-0.7244510E+01
-0.7266722E+01
-0.7240577E+01
-0.7213883E+01
-0.7209759E+01
-0.7155098E+01
-0.7194653E+01
-0.7184418E+01
-0.7075421E+01
-0.7134457E+01
-0.7261299E+01
-0.7292545E+01
-0.7307520E+01
-0.7280040E+01
-0.7151478E+01
-0.7112642E+01
-0.7177328E+01
-0.7265822E+01
-0.7214965E+01
-0.7233553E+01
-0.7296624E+01
-0.7271195E+01
-0.7241695E+01
-0.7162222E+01
-0.7139457E+01
-0.7143268E+01
-0.7113659E+01
-0.7120991E+01
-0.7270368E+01
-0.7226787E+01
-0.7324571E+01
-0.7276019E+01
-0.7236836E+01
-0.7253866E+01
-0.7268654E+01
-0.7318243E+01
-0.7365141E+01
-0.7462582E+01
-0.7425247E+01
-0.7375897E+01
-0.7342676E+01
-0.7399236E+01
-0.7336818E+01
-0.7320560E+01
-0.7292580E+01
-0.7189207E+01
-0.7156338E+01
-0.7126420E+01
-0.7053975E+01
-0.7032655E+01
-0.7103473E+01
-0.7138412E+01
-0.7153911E+01
-0.7110156E+01
-0.7209386E+01
-0.7262089E+01
-0.7271169E+01
-0.7285860E+01
-0.7220587E+01
-0.7147581E+01
-0.7129114E+01
-0.7126961E+01
-0.7120467E+01
-0.7073002E+01
-0.7145225E+01
-0.7161482E+01
-0.7146617E+01
-0.7163228E+01
-0.7143094E+01
-0.7134122E+01
-0.7108279E+01
-0.7180814E+01
-0.7175623E+01
-0.7149086E+01
-0.7206378E+01
-0.7188310E+01
-0.7203402E+01
-0.7277961E+01
-0.7290707E+01
-0.7353292E+01
-0.7400440E+01
-0.7362052E+01
-0.7332155E+01
-0.7342815E+01
-0.7342742E+01
-0.7296064E+01
-0.7279631E+01
-0.7168126E+01
-0.7189838E+01
-0.7202204E+01
-0.7212067E+01
-0.7268393E+01
-0.7235855E+01
-0.7049052E+01
-0.7009103E+01
-0.7065774E+01
-0.7143794E+01
-0.7168824E+01
-0.7072018E+01
-0.7077922E+01
-0.7192447E+01
-0.7185436E+01
-0.7213167E+01
-0.7160725E+01
-0.7227961E+01
-0.7352787E+01
-0.7413853E+01
-0.7226603E+01
-0.7236432E+01
-0.7344075E+01
-0.7351026E+01
-0.7338103E+01
-0.7272246E+01
-0.7174837E+01
-0.7239834E+01
-0.7232278E+01
-0.7195500E+01
-0.7182286E+01
-0.7235174E+01
-0.7338195E+01
-0.7374345E+01
-0.7341944E+01
-0.7383455E+01
-0.7423250E+01
-0.7374783E+01
-0.7260830E+01
-0.7180737E+01
-0.7044546E+01
-0.7012274E+01
-0.7155985E+01
-0.7295033E+01
-0.7182317E+01
-0.7157102E+01
-0.7124208E+01
-0.7180898E+01
-0.7249733E+01
-0.7193378E+01
-0.7190042E+01
-0.7175834E+01
-0.7122930E+01
-0.7112091E+01
-0.7153117E+01
-0.7180192E+01
-0.7261366E+01
-0.7415670E+01
-0.7352729E+01
-0.7311073E+01
-0.7237915E+01
-0.7237969E+01
-0.7232771E+01
-0.7292615E+01
-0.7336819E+01
-0.7282996E+01
-0.7269885E+01
-0.7148311E+01
-0.7213865E+01
-0.7286665E+01
-0.7341284E+01
-0.7274916E+01
-0.7193353E+01
-0.7136242E+01
-0.7173030E+01
-0.7194928E+01
-0.7108623E+01
-0.7033986E+01
-0.7013309E+01
-0.7077053E+01
-0.7095008E+01
-0.7103784E+01
-0.7081272E+01
-0.7132847E+01
-0.7146912E+01
-0.7099299E+01
-0.7098088E+01
-0.7092140E+01
-0.7224011E+01
-0.7284094E+01
-0.7264378E+01
-0.7320718E+01
-0.7249052E+01
-0.7196571E+01
-0.7214938E+01
-0.7227481E+01
-0.7189153E+01
-0.7216603E+01
-0.7270219E+01
-0.7223708E+01
-0.7233953E+01
-0.7304434E+01
-0.7327936E+01
-0.7326515E+01
-0.7269416E+01
-0.7290486E+01
-0.7165198E+01
-0.7228227E+01
-0.7234538E+01
-0.7182718E+01
-0.7165261E+01
-0.7200896E+01
-0.7179948E+01
-0.7120407E+01
-0.7179882E+01
-0.7120377E+01
-0.7117510E+01
-0.7132069E+01
-0.7226471E+01
-0.7182279E+01
-0.7278753E+01
-0.7218529E+01
-0.7224553E+01
-0.7195058E+01
-0.7255094E+01
-0.7202712E+01
-0.7226918E+01
-0.7342173E+01
-0.7307830E+01
-0.7358911E+01
-0.7315534E+01
-0.7316738E+01
-0.7335379E+01
-0.7357399E+01
-0.7283866E+01
-0.7211096E+01
-0.7221733E+01
-0.7324271E+01
-0.7386508E+01
-0.7388427E+01
-0.7363111E+01
-0.7250616E+01
-0.7239195E+01
-0.7344303E+01
-0.7380552E+01
-0.7340260E+01
-0.7402009E+01
-0.7358205E+01
-0.7339809E+01
-0.7304187E+01
-0.7222611E+01
-0.7097609E+01
-0.7151499E+01
-0.7093188E+01
-0.7125186E+01
-0.6984180E+01
-0.7069507E+01
-0.7226557E+01
-0.7306778E+01
-0.7314390E+01
-0.7265411E+01
-0.7124656E+01
-0.7125018E+01
-0.7199409E+01
-0.7184440E+01
-0.7204920E+01
-0.7301247E+01
-0.7296852E+01
-0.7338227E+01
-0.7373029E+01
-0.7375372E+01
-0.7349365E+01
-0.7433115E+01
-0.7434045E+01
-0.7347738E+01
-0.7312957E+01
-0.7208349E+01
-0.7205614E+01
-0.7187883E+01
-0.7180109E+01
-0.7250773E+01
-0.7250301E+01
-0.7160634E+01
-0.7255713E+01
-0.7191077E+01
-0.7261582E+01
-0.7272107E+01
-0.7256150E+01
-0.7144931E+01
-0.7204983E+01
-0.7249662E+01
-0.7192216E+01
-0.7185522E+01
-0.7296967E+01
-0.7312019E+01
-0.7286240E+01
-0.7254704E+01
-0.7242356E+01
-0.7207448E+01
-0.7223735E+01
-0.7176687E+01
-0.7151706E+01
-0.7180735E+01
-0.7151707E+01
-0.7127239E+01
-0.7016429E+01
-0.6898250E+01
-0.7004751E+01
-0.7054164E+01
-0.7054752E+01
-0.7124840E+01
-0.7140262E+01
-0.7157418E+01
-0.7168363E+01
-0.7185979E+01
-0.7248314E+01
-0.7320070E+01
-0.7366946E+01
-0.7361972E+01
-0.7337741E+01
-0.7271983E+01
-0.7275974E+01
-0.7248844E+01
-0.7167103E+01
-0.7130636E+01
-0.7140479E+01
-0.7186603E+01
-0.7302146E+01
-0.7345900E+01
-0.7324662E+01
-0.7340330E+01
-0.7250958E+01
-0.7229426E+01
-0.7183864E+01
-0.7139289E+01
-0.7121270E+01
-0.7181616E+01
-0.7154770E+01
-0.7149134E+01
-0.7194620E+01
-0.7149167E+01
-0.7211267E+01
-0.7187972E+01
-0.7163227E+01
-0.7153790E+01
