 -0.710403E+00
 -0.122281E-02
  0.318609E+00
  0.169906E+01
  0.271374E+00
  0.520020E+00
  0.128152E+01
 -0.555616E+00
  0.584228E+00
 -0.165698E+01
  0.357800E+00
  0.256039E+00
  0.156272E+00
 -0.109073E-01
  0.246859E+00
 -0.156379E+01
 -0.924922E+00
  0.312453E+01
  0.297839E+01
  0.166544E+01
  0.190178E+01
  0.106253E+00
  0.587487E+00
 -0.895925E-02
 -0.116183E+01
  0.891148E+00
 -0.857980E+00
 -0.406238E+01
 -0.750823E+00
 -0.664116E-01
 -0.636265E-01
 -0.218672E+00
 -0.602070E+00
 -0.601712E+00
 -0.358886E+00
  0.961931E+00
 -0.157798E+01
  0.397616E+00
  0.121625E+01
  0.110230E+01
 -0.532067E+00
 -0.935058E+00
  0.117471E+01
  0.264080E+01
  0.270946E+00
 -0.101459E+01
 -0.139247E+01
 -0.224164E+01
  0.517982E-02
  0.186949E+01
 -0.429695E-02
  0.279272E+01
 -0.140267E+00
  0.128255E+01
  0.113535E+01
  0.263742E+00
  0.219658E+01
  0.140937E+01
  0.597960E+01
  0.581877E+01
  0.504124E+01
 -0.167732E+01
  0.127876E+01
  0.523196E+01
  0.549896E+01
  0.994861E+00
 -0.982079E+00
 -0.154117E+00
 -0.882511E+00
 -0.444862E+01
  0.133595E+00
 -0.106300E+01
 -0.129024E+01
  0.287684E+00
 -0.137617E+01
  0.159743E+01
 -0.659809E+00
 -0.108079E+01
 -0.747764E+00
  0.103138E+01
  0.227445E+01
  0.442610E+00
  0.906584E+00
 -0.193400E+01
  0.112311E+01
  0.701777E+00
  0.119235E+01
  0.654867E+00
 -0.607138E+00
  0.515603E+00
 -0.232341E+00
  0.707538E-01
  0.152024E+00
 -0.511321E+00
 -0.584968E+00
 -0.122765E+01
  0.318388E+00
 -0.880915E+00
 -0.214310E+01
  0.382662E+00
 -0.456118E+00
  0.187145E+01
  0.129858E+01
 -0.814875E+00
  0.328382E+00
 -0.113735E+01
 -0.395176E+00
  0.993667E+00
  0.154013E+01
  0.994015E+00
 -0.277575E+00
  0.475326E+00
  0.119237E+00
 -0.871247E-01
 -0.867706E+00
  0.584810E+00
  0.190847E+00
 -0.113068E+01
 -0.311422E+00
  0.140987E+00
  0.201231E+01
  0.383209E+00
  0.683181E+00
 -0.957273E-01
  0.432776E+00
 -0.936603E+00
  0.238180E+00
 -0.203942E+01
  0.503420E+00
 -0.144108E+01
  0.203100E+00
 -0.141443E+01
  0.100444E+01
  0.401250E+00
  0.605856E+00
 -0.750788E+00
  0.105800E+00
  0.802215E+00
 -0.393596E-01
  0.246733E+01
  0.264861E+01
  0.407878E+01
 -0.100752E+01
  0.224889E+00
  0.277527E+01
 -0.152728E+01
 -0.111739E+01
  0.489614E-01
  0.169042E+01
  0.312766E+00
  0.121672E+01
  0.313592E+00
 -0.371098E+00
  0.292548E+00
 -0.336575E+00
 -0.250813E+01
  0.570079E+00
 -0.985337E+00
  0.286011E+00
  0.103632E+01
 -0.189289E+00
  0.385007E+00
 -0.731889E+00
 -0.780327E+00
  0.943446E+00
  0.770197E+00
  0.667194E+00
 -0.233019E+00
 -0.260707E+00
 -0.841974E+00
  0.113785E-01
 -0.143026E+01
  0.702601E+00
  0.356800E+01
  0.292771E+01
  0.199215E+01
 -0.196894E+01
  0.371898E-01
  0.198144E+00
  0.541253E+00
  0.852662E+00
 -0.445940E+00
  0.946544E-01
  0.230411E+00
  0.386038E+00
  0.981102E+00
  0.895298E-02
  0.262755E-01
  0.607043E+00
 -0.293072E+00
 -0.142456E+00
  0.989682E-01
 -0.453265E-01
 -0.608663E+00
 -0.581450E+00
 -0.553594E+00
  0.301752E+00
 -0.527770E+00
 -0.162966E+01
 -0.254523E+00
  0.266320E+00
  0.235050E+00
 -0.709910E+00
 -0.290295E+01
 -0.251254E+01
 -0.255638E+00
 -0.152465E+01
 -0.526767E+00
 -0.226919E+01
  0.120009E-01
  0.428119E+00
  0.282724E+00
 -0.505092E+00
 -0.794190E-01
 -0.214006E+00
  0.197485E+01
  0.624575E+00
  0.162992E+01
 -0.447103E+00
  0.264646E+00
  0.711486E+00
  0.529079E+00
 -0.172110E+01
 -0.562011E+00
 -0.194432E+00
  0.470358E+00
 -0.332688E+00
 -0.291520E+00
 -0.193391E+00
 -0.280010E+00
 -0.463785E+00
 -0.105552E+01
 -0.162766E+00
 -0.798405E+00
 -0.107422E+01
  0.757937E+00
 -0.157447E+00
 -0.135656E+01
 -0.697554E+00
  0.217830E+01
 -0.126979E+00
  0.319387E+00
 -0.161617E+01
  0.845311E-01
  0.232933E+01
 -0.128341E+01
 -0.708094E+00
 -0.564333E+00
 -0.145867E+01
  0.247554E+00
  0.190248E+01
  0.111106E+01
 -0.724762E+00
 -0.105098E+01
 -0.167324E+01
  0.381617E+00
 -0.123980E+01
 -0.102642E+01
  0.264056E+01
  0.261560E+01
  0.275357E+01
  0.443654E+01
  0.370627E+01
  0.592430E+01
  0.380426E+01
  0.381923E+01
  0.317355E+00
 -0.354036E+00
  0.173293E+01
 -0.123136E-01
 -0.157728E+00
 -0.999318E+00
 -0.232257E+00
 -0.119956E-01
  0.377212E+01
  0.139901E+01
 -0.754801E+00
  0.513020E+00
 -0.188250E+01
  0.182892E+00
 -0.601743E+00
  0.274330E+00
  0.814393E-01
 -0.127696E+01
 -0.606766E+00
  0.271539E+01
  0.921169E+00
  0.267296E+01
 -0.195703E+00
 -0.135305E+01
 -0.489634E+01
 -0.542717E+01
 -0.691734E+01
 -0.528724E+01
 -0.709678E+01
 -0.659358E+01
 -0.488040E+01
 -0.477228E+01
 -0.665070E+01
 -0.604143E+01
 -0.140700E+01
  0.354653E+00
  0.113820E+01
 -0.131592E+01
 -0.226799E+00
  0.400026E+00
  0.311917E+00
  0.511467E-01
  0.237202E+01
  0.163069E+01
 -0.108990E+01
  0.238977E+00
  0.611801E+00
 -0.230377E+00
 -0.477420E+00
 -0.214355E+01
  0.335259E+00
  0.186661E+00
 -0.405631E-01
  0.953898E-01
 -0.758179E+00
  0.674215E+00
 -0.337240E+00
  0.165950E+00
 -0.278353E+00
 -0.120844E+00
 -0.208727E+01
 -0.335240E+00
  0.149360E+01
  0.173949E+01
 -0.461219E+00
  0.156248E+01
  0.444871E+01
  0.881018E+01
  0.624478E+01
  0.643893E+01
  0.360058E+01
  0.339430E+01
  0.192481E+01
  0.150646E+01
  0.895796E-01
 -0.191739E+01
 -0.209885E+01
 -0.414624E+00
  0.526595E+00
  0.160326E+01
  0.180715E+01
  0.412790E+00
  0.122976E+01
  0.113307E+01
  0.963339E+00
  0.189947E+00
 -0.596980E+00
 -0.431438E+00
 -0.518016E+00
  0.256358E+01
  0.263695E+00
 -0.368353E+00
 -0.882453E+00
  0.318355E+01
 -0.454931E+00
 -0.222345E+01
 -0.640913E+00
 -0.323913E+00
  0.250276E+01
 -0.719707E+00
  0.549281E+00
  0.810704E+00
 -0.582892E+00
 -0.131082E+01
  0.730707E+00
 -0.574208E+00
 -0.170219E+01
 -0.781217E+00
 -0.124469E+01
  0.627595E+00
 -0.859286E+00
  0.750459E+00
  0.771770E+00
  0.317124E+00
  0.196897E+01
  0.501367E+00
  0.113141E+01
  0.246630E+01
 -0.964777E+00
 -0.265749E+00
 -0.519128E+00
  0.362050E+00
  0.152704E+01
  0.443175E+00
  0.450883E+00
 -0.890260E+00
 -0.917404E+00
  0.165415E+00
  0.121021E+01
  0.326143E+00
 -0.714147E+00
  0.111172E+00
 -0.170478E+00
 -0.227756E+00
 -0.142740E+01
  0.777817E+00
  0.213246E+01
 -0.718537E+00
  0.184590E+00
  0.153362E+01
  0.172983E+01
  0.225924E+00
 -0.143968E+01
 -0.102420E+01
 -0.299467E+00
  0.217932E+00
 -0.353277E+00
 -0.446392E-01
 -0.106790E+01
 -0.235679E+01
  0.127165E+01
  0.161676E+01
  0.213512E+01
 -0.251566E+00
 -0.372915E-01
 -0.151683E+01
 -0.977004E+00
 -0.541505E+00
 -0.112212E+01
 -0.198289E+01
 -0.131466E+01
 -0.106067E+01
  0.801885E+00
  0.284575E+00
 -0.639232E+00
  0.880472E+00
  0.703828E+00
 -0.139475E+01
 -0.257860E+01
  0.265808E+00
  0.416983E+00
  0.762309E-01
  0.617187E+00
  0.218552E+01
  0.533308E+01
  0.740184E+01
  0.633478E+01
  0.432895E+01
  0.792828E+01
  0.578807E+01
  0.509170E+01
  0.513768E+01
  0.358557E+01
  0.168024E+01
 -0.316550E+00
  0.167634E-01
  0.187574E+01
 -0.947950E+00
 -0.103853E+01
 -0.595239E+00
 -0.128166E+01
 -0.239860E+00
 -0.430870E+00
  0.503237E-01
 -0.710428E-01
 -0.141255E+00
 -0.851522E+00
 -0.166933E+00
 -0.195376E+01
  0.484395E+00
  0.805254E+00
 -0.123299E+01
 -0.361782E+01
 -0.242422E+01
  0.450050E+00
 -0.100427E+00
 -0.130806E+01
 -0.479164E+00
  0.925850E-01
 -0.171001E+01
 -0.328709E+01
  0.364831E+00
  0.862599E+00
 -0.547215E+00
  0.828025E+00
  0.214749E+01
 -0.465485E-01
 -0.426746E+00
 -0.523426E+00
 -0.684962E+00
  0.937624E+00
  0.119688E+01
  0.173398E+01
  0.401575E+00
  0.692697E+00
  0.245146E+01
  0.103443E+01
  0.272128E+00
  0.161788E+00
  0.620445E+00
 -0.756458E+00
  0.949782E+00
  0.527034E-01
  0.135397E+00
 -0.376779E+00
  0.177397E+00
  0.204772E+01
 -0.926076E-01
  0.176354E+00
  0.106626E+01
 -0.289253E+00
  0.161207E+01
  0.144206E+01
  0.566181E+00
  0.172467E+01
  0.654724E+00
 -0.386851E+00
 -0.251254E+01
 -0.358589E+01
  0.155045E+01
 -0.830231E+00
 -0.367077E+01
 -0.243533E+01
  0.308258E+00
 -0.238572E+01
 -0.150688E+01
  0.817373E+00
  0.419001E+01
  0.682646E+01
  0.493822E+01
  0.294444E+00
  0.138871E+01
 -0.113447E+01
 -0.149879E+01
  0.420567E-01
  0.209230E+01
  0.132148E+01
 -0.174407E+00
 -0.395014E+00
  0.183591E+00
 -0.185932E+00
 -0.134104E+00
 -0.867279E+00
  0.964631E-01
 -0.108768E+01
 -0.281843E+00
  0.270026E+00
 -0.443556E+00
 -0.147071E+01
 -0.974803E+00
 -0.959766E+00
  0.106492E+01
  0.518413E+00
  0.183614E+01
 -0.133903E+01
 -0.185588E+01
 -0.184482E+01
 -0.209245E+01
 -0.331233E+01
  0.219423E-01
 -0.784852E+00
  0.671669E+00
 -0.627164E+00
  0.168763E+00
 -0.130726E+01
  0.337647E+00
 -0.263654E+00
 -0.131658E+01
 -0.520122E-01
 -0.307954E+01
  0.156642E+01
  0.247603E+00
 -0.233922E+01
  0.559389E+00
 -0.638329E+00
 -0.159661E+01
 -0.165391E+01
 -0.222335E+01
 -0.145400E+01
 -0.903483E+00
  0.528606E+00
 -0.131241E+01
  0.150178E+00
 -0.332002E+00
 -0.112013E+01
 -0.108674E+01
 -0.165683E+01
 -0.976250E+00
 -0.168367E+01
  0.466793E+00
  0.415914E+01
  0.391277E+01
  0.816663E+01
  0.980054E+01
  0.306311E+01
  0.141613E+01
  0.406772E+01
  0.575982E+01
  0.920377E+01
  0.628103E+01
  0.705843E+01
  0.641725E+01
  0.269553E+01
 -0.192109E+00
 -0.564818E-01
  0.972649E-01
 -0.318827E+01
 -0.126825E+01
 -0.217633E+01
  0.110548E+01
 -0.126938E+00
 -0.280949E+00
 -0.556357E+00
 -0.438678E-01
  0.128816E+00
  0.142583E+01
  0.934217E+00
  0.103339E-01
  0.860762E+00
  0.919564E+00
 -0.310222E+00
 -0.186195E+01
 -0.106579E+01
 -0.338411E+00
 -0.139455E+00
 -0.937328E+00
  0.763079E+00
 -0.452672E+00
  0.176552E+00
 -0.658085E+00
 -0.537780E+00
 -0.651481E+00
  0.257387E+00
  0.450632E+00
 -0.725748E-01
  0.946555E+00
 -0.140573E+01
  0.866611E+00
 -0.848905E+00
 -0.733168E+00
  0.321933E+01
  0.160129E+01
  0.169976E+01
  0.282340E+01
  0.264266E+01
  0.281167E+01
  0.215886E+01
 -0.110681E+01
 -0.189048E+01
 -0.203146E+01
  0.460847E+00
 -0.735521E-01
  0.132011E+01
  0.180704E+01
  0.103841E+01
  0.190311E+00
  0.102856E+01
 -0.104856E+00
 -0.121102E+01
 -0.726921E+00
 -0.908997E+00
 -0.349474E-01
 -0.114829E+01
 -0.102261E+01
 -0.120929E+01
  0.110989E+01
  0.594209E+00
  0.493259E+00
  0.256384E+01
  0.505397E+00
  0.374714E+00
  0.257332E+01
  0.141314E+01
  0.355158E+01
  0.178065E+00
  0.207725E+01
  0.275640E+01
  0.119353E+01
 -0.508489E+00
  0.386841E+00
  0.260461E-01
  0.971494E+00
  0.781720E+00
  0.368464E+00
 -0.760330E+00
  0.153569E+01
 -0.801537E-02
 -0.894426E+00
 -0.520604E+00
 -0.194059E+00
 -0.980313E+00
 -0.402496E+01
 -0.162108E+01
 -0.598979E+01
 -0.476303E+00
 -0.238285E+00
 -0.413124E-01
 -0.117048E+01
  0.230707E+01
  0.292797E+01
  0.242930E+01
  0.410913E+00
 -0.664709E+00
 -0.273651E+01
  0.690075E+00
 -0.455502E+00
 -0.199199E+01
 -0.327691E+00
  0.355302E+00
 -0.175717E+01
 -0.583240E+00
 -0.236361E+00
  0.296875E+01
  0.631243E+01
  0.148240E+01
  0.607051E+00
  0.161432E+01
  0.306851E+01
  0.118198E+01
 -0.928892E+00
  0.156452E+01
 -0.182891E+00
  0.153122E+00
  0.327637E+01
  0.187976E+01
  0.304055E+01
  0.832594E+00
  0.728958E+00
  0.970632E+00
 -0.128091E+01
 -0.294355E+01
 -0.371400E+01
  0.798507E+00
 -0.156161E+01
  0.302910E+00
  0.165490E+00
  0.107802E+01
  0.191009E+01
 -0.267653E+01
  0.508850E+00
 -0.775878E-01
  0.332410E+00
 -0.143110E+01
 -0.489326E+00
 -0.146431E+01
 -0.943717E-01
  0.538063E+00
  0.810277E+00
 -0.139211E-01
 -0.440551E+00
 -0.150327E+00
 -0.220780E+01
 -0.758254E-01
 -0.911958E+00
  0.416329E+01
 -0.505467E+00
  0.507402E+00
  0.138559E+01
  0.550161E+00
 -0.208363E+00
 -0.624203E+01
 -0.419380E+01
 -0.101395E+01
 -0.391704E+01
 -0.602085E+01
 -0.567024E+01
 -0.417808E+01
 -0.518441E+00
 -0.868519E+00
  0.350498E-02
  0.968964E+00
 -0.120690E+01
 -0.905942E-01
  0.774890E+00
 -0.194216E-01
  0.738476E+00
  0.356212E+00
  0.186523E+00
  0.975280E+00
  0.513231E+00
  0.244864E+01
 -0.197125E+01
 -0.229188E+01
 -0.229925E+00
  0.117494E+00
  0.686505E+00
 -0.133463E+00
 -0.126488E+01
  0.324454E+00
 -0.535490E+00
  0.694006E+00
  0.528741E+00
 -0.560002E+00
  0.229396E+00
  0.752591E+00
  0.740197E+00
  0.127251E+01
 -0.247471E+00
  0.134827E+01
  0.188660E+01
 -0.131375E-01
 -0.478718E+00
 -0.519259E-01
 -0.753390E+00
  0.824918E+00
  0.158534E+01
  0.310907E+01
  0.393183E+01
 -0.731444E+00
 -0.667312E+00
  0.310281E+01
  0.154413E+01
 -0.153701E+01
 -0.264954E+01
 -0.422271E+01
 -0.261413E+01
  0.128733E-01
 -0.237766E+00
  0.895727E-01
 -0.408921E+00
 -0.804534E+00
 -0.747061E+01
 -0.230251E+01
  0.942914E-01
 -0.958337E+00
 -0.100365E+01
 -0.107832E+01
 -0.306579E+01
 -0.684443E+00
 -0.491467E+00
  0.911964E+00
  0.205966E+01
  0.180130E+01
  0.486601E+00
  0.716427E+00
  0.342239E+00
  0.222193E+01
  0.490241E+01
  0.852888E+00
 -0.108906E+01
 -0.156597E+01
 -0.324053E+01
 -0.443366E+01
 -0.523646E+01
 -0.228470E+01
  0.166678E+00
 -0.417372E+00
 -0.631494E+00
 -0.177034E+00
 -0.365628E+01
 -0.393359E+01
  0.611915E+00
 -0.174095E+01
  0.293788E+00
  0.272420E-01
  0.290065E+01
  0.433026E+01
  0.327465E+00
  0.268323E+01
  0.192217E+01
 -0.355094E+00
  0.296620E-02
 -0.311148E+00
  0.117428E+01
  0.130918E+01
 -0.193932E-01
 -0.101168E+01
 -0.772157E+00
 -0.337411E+00
  0.147635E+01
 -0.653822E+00
 -0.475603E+00
  0.900833E+00
  0.786961E+00
 -0.165571E+01
  0.118286E+01
 -0.956947E+00
  0.135178E+01
  0.183072E+01
  0.236179E+01
 -0.175370E+01
 -0.284080E+01
 -0.298604E+01
  0.111722E+01
  0.808653E-01
  0.153379E+00
 -0.383323E-01
  0.472144E+00
 -0.177479E+01
  0.412653E+00
 -0.288975E+01
 -0.279264E+01
  0.612818E-01
 -0.438903E+01
 -0.538901E+01
 -0.376802E+01
 -0.194887E+01
 -0.484908E+00
 -0.565822E+00
 -0.168935E+01
  0.626080E+00
  0.198421E-01
 -0.209771E+01
 -0.461647E+01
 -0.502642E+01
 -0.129855E+01
  0.336644E+00
 -0.107643E+01
 -0.631299E+01
 -0.506658E+01
 -0.347708E+01
 -0.292110E+01
 -0.259089E+01
 -0.277199E+01
 -0.922110E+00
 -0.199513E+01
  0.829108E-01
  0.419338E+00
  0.849720E-01
  0.262817E+01
  0.246012E+01
  0.467142E+00
 -0.203443E+01
 -0.112065E+00
 -0.718625E+00
  0.505649E+00
 -0.639269E-02
  0.132463E+01
 -0.135998E+01
  0.225810E+00
  0.103750E+01
 -0.278538E+01
 -0.144528E+00
 -0.130417E+01
 -0.886441E-02
 -0.347694E-01
  0.727031E+00
 -0.285183E+00
  0.435061E+01
 -0.630360E-01
  0.537090E+00
 -0.121181E+01
 -0.490806E+00
 -0.803531E+00
 -0.877781E+00
  0.207541E+00
  0.392174E+01
  0.455955E+01
  0.133539E+01
  0.100884E+01
  0.519826E+00
 -0.698065E-01
  0.460628E+00
 -0.516834E+00
 -0.401591E+00
  0.545188E-01
  0.876221E+00
  0.925426E+00
 -0.116452E+01
 -0.591224E-01
  0.423213E+00
  0.984428E+00
 -0.242250E+00
  0.817105E+00
  0.642183E+00
 -0.446651E-01
 -0.571377E+00
  0.179499E+01
 -0.107036E+01
  0.908892E+00
 -0.165196E+00
 -0.120650E+01
 -0.196499E+01
  0.253338E+00
 -0.130176E+01
 -0.161431E+01
 -0.246200E+01
 -0.101159E+01
 -0.523746E+00
  0.395072E+00
  0.320647E+00
 -0.828340E+00
 -0.648793E-01
 -0.399206E+00
  0.209082E+00
  0.146961E+00
  0.986022E+00
 -0.730949E-01
  0.151617E+01
  0.133082E+01
  0.292503E+00
 -0.887523E+00
 -0.469868E+00
  0.134569E+00
 -0.127143E+01
 -0.911396E+00
  0.726566E+00
  0.769498E+00
  0.301863E+01
  0.384557E+01
  0.536803E+00
 -0.155028E+01
  0.102971E+01
  0.159756E+01
  0.409148E+00
  0.419587E+00
 -0.395430E+00
 -0.199774E+01
  0.362379E+00
  0.126323E-01
  0.106307E+01
 -0.210460E+01
 -0.750472E+00
 -0.311416E-01
 -0.872150E+00
 -0.338103E+01
 -0.505987E+01
 -0.480264E+01
 -0.107003E+01
  0.286792E+00
  0.274368E+00
 -0.697216E+00
 -0.199189E+01
 -0.100926E+01
  0.193376E+00
  0.147541E+01
  0.124936E+01
  0.479717E+00
 -0.681921E+00
 -0.527264E+00
  0.473690E+00
 -0.490612E+00
 -0.191886E+00
  0.446152E+00
 -0.106625E+01
  0.133552E+01
 -0.981966E+00
 -0.743086E+00
 -0.207656E+01
 -0.255645E+01
 -0.114757E+01
 -0.446488E+00
 -0.825934E+00
  0.200587E+00
  0.166497E+01
  0.196853E+00
 -0.221801E+01
  0.356853E+00
  0.299389E+00
 -0.731922E+00
 -0.489175E+00
  0.143414E+01
 -0.132974E+01
  0.107786E+01
  0.172385E+01
 -0.337861E+00
 -0.308918E+01
 -0.948005E+00
 -0.442215E+00
  0.186586E+00
  0.139020E+01
 -0.109367E+01
  0.109088E+01
  0.336314E-01
 -0.718277E+00
  0.852443E+00
  0.114405E+01
  0.136826E+01
 -0.114065E+01
  0.143196E+01
  0.221745E+01
  0.267960E+00
 -0.613232E+00
 -0.142525E+01
  0.758978E+00
 -0.462240E+00
  0.187498E+00
  0.766882E+00
  0.290345E+01
 -0.106793E+01
 -0.764582E-01
 -0.250487E+00
  0.109370E+01
 -0.105793E+00
  0.174438E+01
 -0.441624E+00
  0.129320E+01
 -0.799403E+00
  0.588294E-01
 -0.409485E+00
  0.959162E+00
  0.721824E+00
  0.146628E+01
  0.194570E+01
  0.389720E-01
  0.643770E+00
 -0.311789E+00
 -0.586169E+00
 -0.250367E+00
 -0.131218E+01
 -0.349655E+01
 -0.173970E+01
 -0.352406E+00
  0.167492E+00
 -0.208526E-01
  0.271757E+01
 -0.288763E+00
  0.711633E+00
  0.143995E+01
  0.881205E+00
  0.395490E+00
 -0.834935E+00
  0.875015E-01
  0.199946E+01
 -0.695650E+00
  0.440212E+00
  0.120354E+01
 -0.533970E+00
 -0.148737E+01
  0.145431E+01
 -0.975135E+00
  0.245188E+00
  0.686338E+00
 -0.106148E+01
  0.209020E+01
  0.174222E+01
  0.280663E+01
 -0.186111E+00
  0.508828E+00
  0.889433E+00
 -0.754897E+00
 -0.480654E+00
  0.565068E+00
  0.129407E+01
 -0.145988E+01
 -0.117834E+01
 -0.165267E+01
 -0.274511E+01
  0.118979E+00
  0.331035E+00
 -0.684064E-01
  0.293227E+01
 -0.202019E+01
  0.382862E+00
 -0.345012E+00
  0.970206E+00
 -0.394090E+00
 -0.274331E+00
 -0.247024E+01
 -0.289285E+01
 -0.367062E+01
 -0.181885E+00
 -0.289961E+00
 -0.305148E+00
 -0.580691E+00
  0.113624E+00
 -0.189439E+01
 -0.115782E-01
 -0.937660E+00
 -0.361268E+00
 -0.883663E+00
  0.342922E+00
  0.119854E+01
 -0.179176E+01
 -0.124088E+01
  0.131463E+01
 -0.646247E+00
  0.496612E+00
 -0.219802E+01
 -0.345616E+00
  0.267555E+00
 -0.343065E+00
  0.421572E+00
  0.285877E+00
  0.144250E+01
 -0.517772E-01
  0.233770E+01
  0.304645E+01
  0.749604E+00
 -0.248083E+01
  0.138980E+01
  0.134190E+01
 -0.479325E-01
 -0.601254E+00
 -0.370465E+00
  0.226523E+00
  0.509411E+00
  0.114067E+01
  0.465486E+00
  0.158808E+01
 -0.108233E+00
 -0.486565E+00
 -0.236646E+00
  0.182088E+01
  0.168180E+01
 -0.373671E+00
  0.408239E+01
  0.464146E+01
  0.223108E+01
  0.603290E-01
 -0.325304E+00
 -0.731057E-01
  0.204124E+00
  0.420521E+00
 -0.667215E+00
  0.376384E+00
  0.182246E+01
  0.349049E+01
 -0.990905E-01
  0.570993E-01
 -0.201384E+01
 -0.643588E+00
  0.735899E+00
 -0.182519E+01
 -0.184752E+01
 -0.321441E+01
 -0.172245E+01
  0.223427E+01
  0.131773E+01
  0.276148E+01
  0.284047E+01
  0.233751E+01
 -0.613447E+00
  0.773046E-01
  0.264790E+01
 -0.304643E+00
 -0.391520E+00
 -0.375350E+00
 -0.371965E-01
  0.186404E+00
  0.643499E+00
  0.508905E+00
  0.210343E+00
  0.766835E+00
  0.237603E+01
  0.638757E+01
  0.781409E+01
  0.102434E+02
  0.129741E+02
  0.122709E+02
  0.114117E+02
  0.105339E+02
  0.104206E+02
  0.896460E+01
  0.934704E+01
  0.833564E+01
  0.671802E+01
  0.479454E+01
  0.783901E+01
  0.483362E+01
  0.259439E+00
 -0.698284E+00
 -0.680311E+00
 -0.218201E+01
 -0.669085E+00
  0.116898E+01
  0.686138E+00
  0.166858E+01
  0.357247E+01
  0.304657E+00
  0.319849E+00
  0.116464E+01
  0.163539E+01
 -0.745004E-01
 -0.127412E+00
  0.409938E+00
 -0.646198E-01
 -0.838384E+00
 -0.342104E+01
  0.705558E+00
 -0.241172E+00
  0.881239E+00
  0.168744E+01
 -0.709604E+00
  0.149413E+01
  0.222132E+01
  0.852493E+00
  0.391841E+00
  0.124875E+01
  0.244782E+01
 -0.968032E+00
  0.478979E+00
 -0.376800E+00
  0.225108E+00
 -0.164734E+01
  0.811179E+00
 -0.123281E+01
  0.167453E+01
  0.201651E+00
  0.220165E+01
 -0.810424E+00
 -0.160795E+00
 -0.210579E+01
  0.431539E-01
 -0.271889E+01
 -0.306408E+01
 -0.225139E+01
 -0.771251E+00
 -0.100800E+01
  0.628988E+00
 -0.250219E+01
 -0.631141E+00
 -0.498045E+00
 -0.643269E+00
 -0.111676E+01
 -0.513139E+00
 -0.349551E+00
 -0.582365E-01
 -0.174420E+01
 -0.144379E+01
 -0.163194E+01
  0.260936E+00
  0.193627E+01
  0.149331E+00
  0.309508E-01
 -0.403325E+00
  0.217065E+01
 -0.340881E+00
  0.135632E+01
  0.446097E+00
  0.327068E-01
 -0.408084E+00
  0.650481E+00
 -0.162948E+00
  0.524954E+00
 -0.501265E+00
  0.181580E+01
  0.135203E+00
 -0.531391E-01
  0.520122E+00
 -0.105621E+01
 -0.112458E+01
  0.135282E+00
 -0.166791E+00
  0.109730E+01
  0.492319E+00
  0.335270E+00
  0.159841E+01
 -0.319428E+00
  0.265974E-01
  0.451710E+00
  0.355916E+01
  0.297436E+01
  0.344703E+00
  0.427451E+00
  0.826171E+00
  0.845802E+00
 -0.451398E+01
 -0.104492E+01
 -0.221880E+00
  0.336045E+00
 -0.474835E+00
 -0.595344E+00
 -0.156979E+00
  0.225725E+01
  0.315626E+01
  0.108422E+01
 -0.589594E+00
  0.136075E+01
  0.364316E+01
  0.233571E+01
 -0.545963E+00
  0.577493E+00
  0.742491E+00
  0.484227E+00
  0.208308E+00
  0.719084E+00
  0.158470E+00
 -0.237776E+00
 -0.178460E+00
 -0.891621E+00
 -0.581034E+00
 -0.107546E+01
 -0.463481E+00
  0.323790E+01
  0.730336E+00
  0.455178E+00
  0.212802E-01
 -0.908356E+00
 -0.585441E+00
  0.675842E+00
 -0.695145E+00
  0.219534E+01
  0.104519E+01
  0.228399E+01
  0.405058E+01
  0.668874E+01
  0.524513E+01
  0.290053E+01
 -0.142760E+00
 -0.752278E+00
  0.659584E-02
 -0.675799E+00
 -0.705167E-01
 -0.153675E+01
  0.286189E+00
  0.214494E+00
 -0.323659E+00
 -0.517537E+00
 -0.641628E+00
  0.925184E+00
 -0.208923E+00
 -0.373833E+00
 -0.689210E-01
 -0.454467E+00
  0.280824E+01
  0.138511E+01
  0.135628E+01
  0.339871E+00
 -0.356317E+00
 -0.323198E+00
 -0.393727E+00
 -0.110622E+01
  0.264188E+00
 -0.184267E+01
  0.122892E+00
 -0.271636E+00
  0.162061E+01
  0.485540E+00
 -0.750664E+00
 -0.291309E+00
  0.364524E+01
  0.639887E+00
 -0.128147E+01
 -0.832277E-01
  0.205334E+00
 -0.418461E+00
 -0.667552E+00
  0.214322E+01
 -0.291969E+01
 -0.260595E+00
  0.929669E+00
  0.133802E+01
 -0.332970E+00
 -0.675121E+00
  0.949621E+00
 -0.101931E+01
 -0.344684E+00
  0.394608E+00
  0.716997E+00
  0.120686E+00
 -0.134203E+01
 -0.286646E+00
  0.191262E+01
  0.211357E+01
  0.804506E+00
 -0.311250E+00
  0.201183E+01
 -0.117009E+01
  0.396579E+00
  0.298341E+00
  0.475895E-01
  0.215628E+00
 -0.104493E+01
 -0.149708E+00
  0.295584E-01
  0.115862E+01
  0.166602E+01
  0.384738E+00
  0.175160E+00
 -0.188372E+01
 -0.136866E+01
 -0.749869E+00
 -0.520515E+00
  0.486290E+00
  0.120304E+01
  0.116336E+01
 -0.138385E+00
  0.207164E+01
 -0.562918E+00
  0.776275E-01
  0.118071E+01
 -0.789221E+00
 -0.213743E+01
 -0.697761E+00
  0.425280E+00
  0.746613E+00
 -0.920090E+00
  0.176484E+00
 -0.660577E-01
 -0.753428E+00
  0.880354E+00
  0.641294E-01
  0.324578E+00
  0.456709E+00
  0.138013E+01
 -0.565661E+00
 -0.274759E+01
 -0.337863E+01
 -0.329321E+01
 -0.962300E+00
 -0.262028E+00
 -0.113252E+01
 -0.109091E+01
  0.475093E+00
 -0.202096E+01
 -0.149254E+01
 -0.713893E+00
 -0.255692E+00
 -0.207476E+01
  0.732808E+00
 -0.701784E-01
  0.659461E+00
  0.713751E+00
  0.699319E-01
  0.139221E+00
 -0.846752E+00
 -0.488534E+00
 -0.988376E+00
 -0.211227E+01
 -0.157883E+01
  0.555222E+00
  0.904723E+00
 -0.408290E+00
 -0.372318E+01
 -0.624053E+01
 -0.392420E+01
 -0.471925E+01
 -0.345505E+01
 -0.877566E-01
  0.999949E+00
 -0.308039E+00
  0.686228E+00
 -0.172722E+00
 -0.409101E+01
 -0.643831E-01
 -0.548458E+00
  0.168535E+01
 -0.846334E+00
 -0.731935E+00
  0.407224E+00
 -0.865397E+00
 -0.719678E+00
  0.857223E+00
  0.379382E+01
  0.119517E+01
 -0.588593E+00
 -0.991146E+00
 -0.156387E+00
 -0.144456E+01
 -0.116258E+00
  0.448644E+00
 -0.194693E+00
  0.102085E+01
  0.592380E+00
  0.107269E+01
  0.738007E+00
  0.191555E+01
  0.212029E+00
 -0.105880E+01
  0.982403E+00
  0.268437E+01
  0.288925E+01
  0.643067E+00
  0.349081E+00
  0.457748E+00
 -0.778327E+00
 -0.414629E+01
 -0.303971E+01
 -0.724292E+00
  0.185716E-01
 -0.308413E+01
 -0.381179E+01
  0.181472E+00
  0.486275E+00
 -0.260146E-01
 -0.375680E+00
 -0.194714E+01
 -0.917191E+00
  0.913269E+00
  0.979591E+00
 -0.199702E+00
 -0.515335E+00
  0.112627E+01
  0.352434E+01
  0.310692E+01
  0.460933E+01
  0.375560E+01
  0.170151E+01
 -0.203269E+00
 -0.732375E+00
  0.195930E+00
 -0.395705E+00
 -0.510461E+00
 -0.527300E+00
  0.137400E+01
 -0.226628E+01
  0.521301E+00
 -0.653919E+00
  0.100705E+00
 -0.123000E+01
 -0.461881E+00
 -0.100602E+01
  0.114133E+00
  0.471366E-02
  0.389995E+01
  0.170305E+01
  0.198733E+01
  0.495043E+00
 -0.245850E+01
 -0.199078E+00
  0.452084E+01
  0.200460E+01
  0.148923E+00
  0.187446E+01
 -0.140656E+01
 -0.307879E+00
  0.217881E+01
  0.403717E+01
  0.133683E+01
  0.132565E+01
  0.342528E+00
 -0.864659E+00
 -0.187690E+01
  0.133468E+01
 -0.287804E+00
  0.209259E+00
 -0.833818E+00
 -0.342653E+00
  0.269893E+00
 -0.785246E+00
 -0.135598E+01
  0.442926E-01
  0.172006E+00
 -0.191557E+00
  0.181336E+01
 -0.197527E+00
  0.256214E+01
  0.158962E+00
  0.209776E+01
 -0.407648E+00
  0.339364E+00
  0.115790E+00
  0.166705E+00
  0.183447E+00
  0.256375E-01
 -0.897245E+00
 -0.102180E+00
  0.229113E+00
  0.417624E+00
 -0.416926E+01
 -0.417566E+01
 -0.456734E+01
 -0.351090E+01
 -0.321558E+01
 -0.418020E+00
  0.541565E+00
  0.748936E+00
 -0.163785E+01
 -0.623038E+00
 -0.358400E+01
 -0.339266E+01
  0.680398E+00
  0.420050E+00
 -0.970120E+00
  0.195153E+00
 -0.655694E+00
 -0.135882E+01
  0.168160E+00
  0.125635E+01
  0.417905E+00
 -0.661465E+00
 -0.179793E-02
  0.514131E-01
 -0.106774E+00
 -0.340406E+00
  0.206901E+01
  0.400108E+01
  0.310745E+01
 -0.110275E+00
 -0.768262E-02
 -0.749732E+00
  0.204469E+00
  0.684990E+00
  0.747611E+00
  0.168346E+00
  0.199101E+01
 -0.193456E+00
  0.553222E+00
  0.382460E+01
 -0.723051E+00
 -0.941136E+00
  0.749598E+00
  0.454923E+00
  0.214215E+00
 -0.340611E+00
 -0.636832E+00
  0.113316E+01
  0.384835E+01
  0.107464E+01
  0.112694E+00
  0.363669E+00
 -0.211628E+00
  0.109356E+00
  0.136140E+01
 -0.988243E+00
  0.663400E+00
  0.271154E+00
  0.888576E-01
  0.130212E+01
 -0.293731E+00
 -0.186080E+00
  0.182840E+01
 -0.235415E+01
 -0.204195E+01
  0.933390E+00
 -0.871593E+00
 -0.384499E+01
  0.134307E+01
  0.710573E+00
 -0.204464E+00
 -0.155727E+00
 -0.259569E-01
 -0.125529E+01
  0.460419E-01
 -0.928394E+00
 -0.717482E+00
 -0.244119E+00
  0.232421E+01
 -0.740403E+00
 -0.394582E+00
  0.250833E+01
  0.287268E+01
  0.227647E+01
  0.595814E+00
  0.370901E+00
 -0.127451E+01
 -0.168581E+01
 -0.753499E+00
  0.671603E-02
 -0.174263E+00
 -0.146944E+01
 -0.352109E+00
 -0.790099E+00
 -0.421871E+00
 -0.100392E+01
  0.368287E+00
  0.122797E+01
 -0.268623E+00
  0.235422E+00
 -0.954156E+00
  0.149690E+01
 -0.756365E+00
  0.128457E+01
 -0.149685E+00
 -0.132181E+01
  0.845629E+00
  0.148921E+00
  0.123777E+01
  0.636663E+00
  0.301674E+01
  0.362073E+01
  0.262184E+01
 -0.392200E+00
  0.843276E+00
  0.695576E+00
 -0.238783E+00
 -0.130696E+01
 -0.116729E+01
 -0.127880E+01
  0.684037E+00
 -0.389484E+00
 -0.502451E+00
  0.107278E+01
 -0.907379E+00
  0.747049E+00
  0.329886E+00
  0.171883E+01
 -0.926727E-01
 -0.801587E+00
 -0.238911E+00
  0.139881E+01
 -0.256387E+01
 -0.797363E+00
 -0.215398E+00
 -0.499805E+00
  0.125795E+01
  0.373634E-01
  0.544348E+00
 -0.281254E+00
 -0.434700E+00
 -0.185904E+01
 -0.557663E-01
  0.152108E+00
 -0.180871E+01
 -0.599456E+00
 -0.170821E+00
  0.162969E+01
  0.156546E+01
  0.150531E+01
  0.355734E+01
  0.790451E+01
  0.604805E+01
  0.653677E+01
  0.145239E+01
  0.118064E+01
  0.570073E+00
 -0.280933E+00
 -0.479936E+00
 -0.683304E+00
  0.102809E+01
  0.583121E+00
 -0.614464E+00
 -0.721118E+00
 -0.325935E+00
  0.461843E+01
  0.342104E+01
  0.370947E+01
  0.517931E+01
  0.482214E+01
  0.225564E+01
  0.509281E+00
  0.195701E+00
  0.432412E+00
 -0.102046E+01
 -0.370599E+01
 -0.742066E+00
  0.444005E+01
  0.314194E+01
  0.853333E+00
  0.157422E+01
 -0.261826E+01
  0.121694E+00
 -0.725948E+00
 -0.726547E+00
  0.661317E+00
 -0.258990E+01
  0.492786E+00
  0.117708E+01
  0.268703E+01
  0.674199E+00
  0.916032E+00
 -0.100308E+01
 -0.209599E+01
  0.234231E+01
 -0.886422E+00
 -0.384212E+00
  0.345453E+00
 -0.999487E+00
 -0.115633E+01
 -0.465061E+00
 -0.262718E+00
 -0.405103E-02
  0.278214E+00
 -0.276387E+01
 -0.106695E+01
 -0.137532E+01
 -0.136941E+01
 -0.698477E+00
  0.498961E+00
  0.394015E+00
  0.996325E+00
 -0.401461E+00
  0.215006E+01
  0.868313E+00
 -0.233359E+00
  0.105389E+01
 -0.275157E-01
  0.101300E+00
 -0.170481E+01
 -0.110511E+01
 -0.285236E+01
 -0.417566E+01
 -0.108847E+01
  0.685237E+00
 -0.434095E-01
  0.739170E+00
 -0.498799E+00
  0.285592E+01
  0.769079E+00
  0.126497E+01
  0.645191E+01
  0.434122E+01
  0.251379E+01
 -0.805056E+00
 -0.939164E+00
 -0.630955E-01
 -0.191618E+01
 -0.295956E+01
  0.265708E+00
  0.139177E+00
 -0.779863E-01
  0.274281E+01
  0.199589E+01
 -0.130742E+00
  0.152325E+00
 -0.132243E+00
 -0.110846E+01
  0.340369E+00
  0.876506E+00
  0.316338E+01
  0.701006E-01
 -0.666830E+00
  0.124842E+01
 -0.113283E+01
  0.112483E+01
 -0.264876E-01
 -0.201822E+01
 -0.340668E+01
 -0.420622E+00
  0.388644E+00
  0.149219E+00
  0.151003E+01
 -0.176309E+00
 -0.136907E+00
  0.104110E+01
  0.370019E+01
  0.462003E+01
  0.258421E+01
 -0.202146E+00
  0.457508E+00
 -0.189165E+01
 -0.218480E+00
  0.157005E+01
  0.286876E+01
 -0.258376E+00
 -0.100135E+00
  0.173803E+01
  0.126071E+01
 -0.159896E+01
 -0.338270E+00
 -0.241789E+00
 -0.215431E+01
 -0.316688E+00
 -0.816728E+00
 -0.967662E+00
  0.363363E-01
 -0.320636E+01
 -0.302784E+01
 -0.452814E+01
  0.852202E+00
 -0.286313E+01
  0.181105E+01
 -0.756445E-01
 -0.495363E+00
  0.456003E-01
 -0.437558E+00
 -0.154690E+01
 -0.243334E+01
 -0.364250E+00
  0.845340E+00
 -0.504913E+00
 -0.241295E+01
 -0.110080E+01
 -0.700939E+00
  0.475348E+00
  0.240588E+00
 -0.167069E+01
  0.220325E-01
 -0.195792E+00
 -0.311551E+00
  0.818803E+00
  0.262227E+01
  0.215913E+01
 -0.127032E+00
 -0.257559E+00
 -0.209255E+01
 -0.140608E+01
 -0.248068E+01
 -0.700674E+00
  0.723945E+00
 -0.871639E+00
  0.549238E+00
  0.943799E+00
  0.133882E+00
 -0.110975E+01
 -0.136866E+01
  0.137593E+01
 -0.909178E+00
 -0.268302E+00
  0.427221E+00
 -0.192682E+01
 -0.278514E+00
 -0.231777E+00
 -0.527280E+00
  0.127703E+00
  0.483057E-01
  0.744462E+00
  0.198229E+01
  0.733507E+00
 -0.683289E+00
  0.124689E+01
 -0.108086E+01
  0.697246E+00
  0.148659E+01
  0.529803E+00
 -0.189819E+00
 -0.584126E+00
 -0.566976E+00
  0.351785E-01
 -0.376423E+01
 -0.113391E+00
  0.524362E+00
  0.746855E+00
 -0.444671E+00
 -0.194994E+00
 -0.904258E+00
 -0.373903E+00
  0.152662E+01
  0.173074E+01
 -0.400481E+00
  0.108124E+01
 -0.574237E+00
  0.226141E+01
  0.822287E+00
  0.931678E+00
 -0.664497E-01
 -0.215470E+00
  0.648688E+00
  0.145678E+01
  0.505040E+00
  0.345497E+01
  0.294687E+01
 -0.601810E-01
 -0.227441E+00
 -0.833052E+00
 -0.251660E+01
 -0.259375E+01
  0.266931E+00
 -0.105476E+01
  0.492397E+00
 -0.615769E+00
 -0.108114E+01
  0.132523E-01
 -0.954438E-01
 -0.217961E+00
 -0.525850E+00
 -0.262007E+00
 -0.100571E+01
 -0.118355E+01
  0.340342E+00
 -0.292648E-01
 -0.247960E+01
 -0.159294E+01
 -0.111427E+01
 -0.473449E+01
 -0.624772E+01
 -0.432540E+01
 -0.303024E+01
 -0.484166E+01
 -0.868060E+01
 -0.695447E+01
 -0.707398E+01
 -0.485620E+01
 -0.576023E+01
 -0.631224E+01
 -0.537405E+01
 -0.350475E+01
  0.117720E+01
 -0.115160E+01
  0.173125E+01
  0.421921E+01
  0.225073E+01
 -0.320466E-02
  0.284931E-01
  0.263081E-01
  0.143509E+01
 -0.738887E-01
 -0.468957E+00
  0.112226E+01
  0.181992E+00
  0.253699E+01
  0.899586E+00
 -0.272311E+01
  0.902244E-01
 -0.176496E+00
  0.249920E+00
  0.188002E+01
 -0.211298E+01
  0.113730E+01
  0.212167E+00
  0.564035E+01
  0.959040E+01
  0.452174E+01
  0.461543E+01
  0.198473E+01
  0.265547E+00
  0.264533E-01
 -0.170053E+00
 -0.942173E+00
 -0.124605E+01
  0.108918E+01
  0.290591E+00
  0.248926E+01
  0.106796E+01
 -0.589331E+00
 -0.113384E+01
  0.160216E+01
  0.699360E-01
  0.133752E+00
 -0.367307E-01
 -0.221473E+01
  0.909995E-01
 -0.470351E+01
 -0.292852E+01
 -0.348143E+01
 -0.744956E+01
 -0.890201E+01
 -0.105033E+02
 -0.720667E+01
 -0.114308E+02
 -0.104951E+02
 -0.913946E+01
 -0.969912E+01
 -0.107568E+02
 -0.157243E+02
 -0.138866E+02
 -0.132711E+02
 -0.178228E+02
 -0.154069E+02
 -0.118771E+02
 -0.992338E+01
 -0.130968E+02
 -0.106253E+02
 -0.159316E+02
 -0.116238E+02
 -0.115958E+02
 -0.101979E+02
 -0.150083E+02
 -0.169522E+02
 -0.157679E+02
 -0.145696E+02
 -0.143502E+02
 -0.161778E+02
 -0.188430E+02
 -0.165874E+02
 -0.171899E+02
 -0.169151E+02
 -0.169357E+02
 -0.149336E+02
 -0.146274E+02
 -0.159107E+02
 -0.156249E+02
 -0.139428E+02
 -0.193437E+02
 -0.164632E+02
 -0.160892E+02
 -0.180867E+02
 -0.154782E+02
 -0.164072E+02
 -0.164858E+02
 -0.156388E+02
 -0.176941E+02
 -0.202400E+02
 -0.184730E+02
 -0.198814E+02
 -0.198070E+02
 -0.154391E+02
 -0.122811E+02
 -0.102873E+02
 -0.785378E+01
 -0.926723E+01
 -0.897701E+01
 -0.110345E+02
 -0.142659E+02
 -0.104801E+02
 -0.671887E+01
 -0.425243E+01
 -0.136396E+01
 -0.199058E+00
  0.675274E+00
  0.113424E+01
  0.466527E+00
 -0.594691E+00
  0.233830E+00
 -0.612432E-01
  0.252211E+00
  0.587329E-01
 -0.677680E+00
 -0.153298E+01
 -0.286872E+01
 -0.345760E+01
 -0.213886E+01
  0.308182E+00
  0.615033E+00
 -0.108954E+00
 -0.975586E+00
 -0.165668E+01
  0.190224E+01
 -0.292867E+00
  0.105968E+01
 -0.219587E+00
  0.200438E+01
 -0.160748E+01
 -0.326293E+01
 -0.468572E+01
 -0.183325E+01
 -0.367629E+00
  0.225667E+01
  0.295434E+00
  0.288300E+01
  0.218878E+00
 -0.465377E+00
  0.448958E+00
 -0.285017E+00
 -0.176481E+01
 -0.763845E+00
  0.611410E+00
  0.102241E+01
 -0.194272E+01
 -0.489511E+00
 -0.113380E+01
 -0.112675E+01
 -0.567028E+00
  0.833061E+00
  0.599179E+00
  0.188968E+00
 -0.420456E+00
  0.141624E+00
  0.144065E+00
 -0.138279E+00
 -0.338793E+01
 -0.164366E+01
  0.122240E+01
 -0.108901E+00
 -0.125879E+01
 -0.244398E+01
 -0.919207E+00
  0.149175E-01
 -0.873843E-01
 -0.347064E+00
 -0.761332E+00
  0.852238E-01
 -0.205196E+01
  0.264702E+00
  0.672453E+00
 -0.275993E+01
 -0.143037E+01
  0.145343E+01
  0.241580E+00
 -0.602700E+00
 -0.277140E+01
  0.206843E+01
 -0.350078E+00
 -0.127362E+01
 -0.307985E+01
 -0.183116E+01
 -0.233645E+01
 -0.151603E+01
  0.223703E+00
 -0.107323E+01
  0.485343E+00
 -0.139024E+01
  0.153099E+01
  0.233492E+00
 -0.640624E+00
 -0.196135E+00
  0.889639E+01
  0.583103E+01
  0.314901E+01
  0.571237E+01
  0.428417E+01
  0.652859E+00
  0.392164E+01
  0.216114E+01
  0.110896E+01
 -0.979301E+00
  0.362583E+00
  0.361589E+01
  0.292860E+01
 -0.146408E-01
  0.373133E+00
 -0.602760E+00
  0.134847E+00
  0.759118E+00
  0.325812E+01
 -0.917698E+00
 -0.330753E-01
 -0.289219E-01
 -0.199724E+00
 -0.996139E+00
  0.968392E+00
 -0.989421E+00
  0.681508E+00
  0.672672E+00
  0.103400E+01
  0.156569E+00
  0.293967E+00
 -0.122445E+01
  0.720707E+00
 -0.241686E+01
 -0.299490E+00
  0.258488E+00
  0.149856E+01
  0.675089E+00
 -0.143213E+01
 -0.855753E+00
  0.325608E+00
  0.332376E+00
 -0.916267E+00
  0.209834E-01
 -0.383471E-01
 -0.752647E+00
  0.262377E+00
 -0.186002E+00
 -0.640820E+00
  0.671243E-01
 -0.854695E+00
 -0.150663E+01
 -0.965436E+00
  0.192872E+00
 -0.128047E+01
  0.235013E+01
 -0.125565E+01
 -0.495228E+00
 -0.738255E+00
 -0.933404E+00
 -0.106262E+01
 -0.437590E+00
 -0.674104E+00
  0.258558E+00
 -0.212776E+00
  0.572345E+00
  0.476508E+00
 -0.443295E+00
 -0.349747E+01
  0.103267E+01
  0.970028E+00
  0.205702E+01
 -0.775082E+00
 -0.148420E-01
  0.655697E+00
 -0.241533E+01
 -0.426019E+01
 -0.443143E+01
 -0.302705E+01
 -0.378207E+01
 -0.808243E+01
 -0.696353E+01
 -0.396834E+01
 -0.635748E+00
  0.150563E+01
  0.985014E+00
  0.576208E-01
 -0.140726E+01
  0.621413E-01
  0.714350E+00
 -0.775802E-01
 -0.336747E+00
  0.239365E+01
  0.284489E+01
  0.516015E+01
  0.185676E+01
  0.131307E+00
 -0.709961E+00
  0.828560E+00
 -0.976119E+00
 -0.135183E+01
  0.116659E+00
  0.315827E+00
  0.352398E+00
  0.827750E+00
  0.154307E+01
  0.338396E+01
  0.334641E+01
  0.287606E+01
  0.961372E+00
 -0.237201E+00
 -0.591532E+00
 -0.898350E+00
  0.189218E+00
  0.569494E+00
  0.656485E+00
 -0.347838E+01
 -0.250598E+01
 -0.443985E+01
 -0.332429E+01
 -0.143949E+01
 -0.315995E+00
  0.609498E+00
 -0.635772E+00
  0.763364E+00
 -0.118590E+01
 -0.124706E+01
  0.116359E+01
 -0.164006E+01
  0.700463E+00
  0.138714E+01
 -0.133739E+00
  0.850926E+00
  0.106870E+01
  0.463801E+00
 -0.601284E+00
  0.158087E+00
  0.544321E+00
 -0.401309E+00
  0.839115E+00
 -0.286357E+00
  0.109823E+01
  0.354909E+00
  0.125467E-01
  0.360795E+01
 -0.460515E+00
  0.209423E+00
 -0.874403E+00
 -0.413810E+00
  0.117926E+00
 -0.138894E+01
  0.275484E+01
  0.123614E+01
 -0.984371E+00
  0.207237E+00
 -0.114550E+01
 -0.797162E+00
 -0.395156E+00
 -0.323307E+00
 -0.846711E+00
 -0.951983E+00
  0.801438E+00
 -0.119189E+01
  0.167246E+01
 -0.997059E+00
 -0.244006E+00
 -0.267683E+00
 -0.936541E+00
  0.224726E+00
 -0.216924E+01
  0.387597E-01
 -0.341736E+00
  0.587386E+00
  0.106999E+00
  0.248296E+01
  0.341633E+00
 -0.383145E+00
 -0.526999E+00
  0.117800E+00
 -0.229974E+00
  0.121173E+01
 -0.377901E+00
 -0.926826E-01
  0.142950E+01
  0.980899E-01
  0.245916E+00
 -0.112600E-01
  0.445764E+00
  0.380458E+00
  0.183777E+01
 -0.237973E+01
 -0.345684E+01
  0.325401E+00
  0.256745E+01
  0.976226E+00
 -0.965057E+00
  0.302421E-01
  0.348622E+00
 -0.220190E+01
 -0.356849E+01
  0.107984E+00
  0.186363E+01
 -0.444914E+00
  0.289573E+00
  0.675853E+00
  0.150813E+01
 -0.591202E+00
 -0.475598E+01
 -0.669801E+01
 -0.234362E+01
  0.215396E+01
  0.838432E+00
  0.224964E+01
  0.530905E+01
  0.533849E+01
  0.667955E+01
  0.742194E+01
  0.338317E+01
  0.114607E+01
  0.172093E+01
  0.421493E+01
  0.141316E+01
  0.434918E-01
  0.129674E+01
 -0.112089E-01
  0.161793E+01
 -0.175645E+01
 -0.612519E+00
 -0.814632E-01
  0.511650E+00
  0.125363E+01
  0.637350E+00
  0.199912E+00
 -0.136116E+01
  0.299370E+00
  0.142690E+01
  0.130762E+00
  0.862887E+00
  0.416467E+01
  0.741322E+01
  0.102401E+01
  0.135113E+00
  0.195610E+00
  0.267565E+00
  0.513015E+00
  0.100347E+01
  0.739879E+00
 -0.948820E-01
  0.137111E+01
  0.524189E+00
 -0.526482E+00
 -0.128648E+00
  0.910431E+00
  0.262551E+00
 -0.106200E+00
 -0.354786E+00
 -0.486962E-01
  0.430995E+00
  0.224219E+00
 -0.491056E+00
 -0.211903E+01
 -0.127935E+01
 -0.711452E-01
 -0.172527E+01
 -0.153524E+01
 -0.805712E+00
  0.612508E+00
 -0.535111E+00
  0.501136E-01
 -0.283799E+00
 -0.142966E+01
  0.618486E+00
  0.356091E+01
 -0.656995E-01
  0.515395E-01
  0.151872E+01
  0.239660E+00
  0.157261E+01
  0.176512E+01
  0.985034E+00
 -0.129642E+01
 -0.235776E+01
 -0.261825E+01
 -0.510708E+01
 -0.328279E+01
 -0.449586E+01
 -0.284594E+01
 -0.601116E-01
 -0.393579E+00
  0.161119E+01
 -0.125415E+00
 -0.332886E+00
 -0.105665E+00
  0.207878E+01
  0.926579E+00
  0.406372E+01
  0.642463E+01
  0.493875E+01
  0.157964E+01
 -0.103901E+01
 -0.144121E+01
  0.277250E+00
 -0.482748E+00
 -0.765787E-01
  0.695070E+00
  0.253046E+01
  0.421708E+01
  0.479929E+01
  0.224069E+01
  0.578979E+00
 -0.139682E+01
  0.992857E+00
  0.715487E+00
 -0.233125E+00
  0.725117E+00
 -0.113940E+00
 -0.159478E+01
  0.112779E+01
  0.421738E+00
 -0.190749E+01
 -0.104842E+01
  0.567857E+00
  0.199350E+00
  0.194441E+01
  0.127153E+01
  0.345823E+01
  0.149980E+01
 -0.244032E+00
 -0.180264E+01
  0.102001E+01
 -0.367765E+00
 -0.140037E+01
 -0.885398E+00
 -0.651804E+00
  0.110203E-01
 -0.532258E+01
 -0.529545E+01
 -0.783700E+01
 -0.114104E+01
 -0.136069E+01
  0.375500E+00
 -0.332402E-01
  0.160105E+01
 -0.681730E+00
  0.582036E+00
  0.266520E+00
  0.458313E+01
  0.587705E+00
  0.157701E+00
 -0.435163E-01
  0.153329E+00
  0.149777E+00
 -0.593037E+00
 -0.164257E+01
 -0.435413E+01
 -0.747586E+00
  0.240331E+00
 -0.411607E+00
 -0.132831E+01
 -0.225696E+00
  0.856009E+00
  0.331116E+01
  0.584746E+01
  0.717945E+01
  0.211803E+01
 -0.209448E+01
 -0.233453E+01
  0.329455E-01
 -0.216862E+01
 -0.156347E+01
  0.126885E+01
  0.112402E+01
 -0.156613E+00
 -0.582026E+00
 -0.407739E+01
 -0.448810E+00
 -0.104111E+01
 -0.162616E+00
 -0.544215E+01
 -0.348108E+01
 -0.204381E+01
  0.504561E+00
  0.434074E-01
 -0.700164E+00
 -0.102018E+01
 -0.274014E+00
 -0.110454E+01
  0.114531E+01
  0.239032E+00
  0.208459E+01
 -0.836974E+00
 -0.405223E-01
 -0.558958E+00
 -0.168494E+00
 -0.103181E+01
 -0.102268E+01
 -0.174707E+01
  0.110113E+01
 -0.226811E+00
 -0.414080E+00
 -0.239668E+00
  0.367815E+01
  0.207598E+01
 -0.974589E+00
 -0.137487E+01
  0.985119E+00
 -0.149612E-01
  0.533947E+00
  0.845030E+00
  0.155565E+01
  0.227734E+01
 -0.142462E-01
  0.573175E+00
  0.364956E+00
 -0.165013E+00
  0.156714E+01
 -0.234133E+00
  0.579703E+00
  0.754832E+00
  0.856968E+00
  0.158171E-01
  0.105049E+01
  0.162384E+00
 -0.674499E+00
  0.603939E+00
 -0.131738E+01
 -0.488700E+00
 -0.385315E+00
  0.201902E+01
  0.301429E+01
  0.540633E+00
  0.122745E+01
 -0.187364E+00
  0.159779E+01
  0.341630E+00
 -0.827341E+00
  0.131429E+01
 -0.168590E+01
  0.747726E+00
  0.124062E+01
  0.290692E+00
 -0.111083E+01
 -0.936555E+00
  0.629190E+00
 -0.711510E+00
 -0.131886E+01
 -0.525853E+00
  0.197148E+00
 -0.212745E+01
 -0.281554E+00
  0.748320E+00
  0.375612E+00
  0.146435E+01
 -0.912397E+00
 -0.337106E+00
 -0.129911E+00
 -0.521096E-01
 -0.751776E+00
  0.674731E+00
  0.137439E+01
 -0.939094E-01
  0.897269E+00
 -0.839394E+00
  0.516913E+00
  0.682645E+00
 -0.277182E+01
  0.514894E+00
  0.183985E+00
 -0.317258E+00
 -0.201525E+00
  0.275733E+01
  0.481002E+00
 -0.122277E+01
  0.328884E+00
  0.880083E+00
 -0.218057E+01
  0.174223E+00
 -0.453423E+00
  0.554364E+00
  0.181068E+01
  0.542980E+00
  0.110022E+00
 -0.108071E+01
  0.288226E-01
  0.522964E+00
 -0.214580E+00
  0.477069E+00
 -0.514595E+00
  0.950473E+00
 -0.739582E-01
 -0.133658E+01
  0.121282E+00
  0.962755E+00
  0.187183E+01
  0.180148E+01
  0.478146E+01
  0.685497E+01
  0.824414E+01
  0.124005E+02
  0.161847E+02
  0.128270E+02
  0.167146E+02
  0.151263E+02
  0.169135E+02
  0.141118E+02
  0.156019E+02
  0.125991E+02
  0.134164E+02
  0.111324E+02
  0.154220E+02
  0.150270E+02
  0.169963E+02
  0.182869E+02
  0.186977E+02
  0.196311E+02
  0.215106E+02
  0.209359E+02
  0.242886E+02
  0.215403E+02
  0.214893E+02
  0.287770E+02
  0.262458E+02
  0.225661E+02
  0.208091E+02
  0.236454E+02
  0.225592E+02
  0.255303E+02
  0.225251E+02
  0.237054E+02
  0.234851E+02
  0.267605E+02
  0.276862E+02
  0.282877E+02
  0.324228E+02
  0.329164E+02
  0.379456E+02
  0.351270E+02
  0.305167E+02
  0.296369E+02
  0.288074E+02
  0.274138E+02
  0.286215E+02
  0.296422E+02
  0.339347E+02
  0.301169E+02
  0.278282E+02
  0.254929E+02
  0.207872E+02
  0.159384E+02
  0.166325E+02
  0.190822E+02
  0.200893E+02
  0.209485E+02
  0.197039E+02
  0.168259E+02
  0.100856E+02
  0.910816E+01
  0.796194E+01
  0.938222E+01
  0.529219E+01
  0.214242E+01
 -0.112316E+00
  0.258705E+00
 -0.204445E-01
 -0.475606E+00
  0.874868E-01
  0.116031E+01
  0.113613E+01
  0.133289E+01
 -0.661628E+00
  0.163729E+01
  0.105014E+01
 -0.157774E+01
  0.267243E+00
  0.115555E+01
  0.391447E+01
  0.160069E+00
  0.396151E+01
  0.483214E+01
  0.556720E+01
  0.691139E+01
  0.399680E+01
  0.944161E+00
 -0.736356E+00
 -0.222677E+01
  0.545306E+00
  0.853112E+00
  0.209541E+00
 -0.275316E+00
  0.825355E+00
  0.458841E+00
 -0.111739E+01
  0.921389E-01
  0.119891E+01
 -0.342318E+00
  0.353044E+00
 -0.189132E+00
  0.157330E+00
  0.244900E+00
  0.499879E+00
 -0.508802E+00
  0.180988E+00
  0.627150E+00
 -0.494729E+00
  0.617629E+00
  0.920219E+00
  0.390729E+01
  0.393342E+01
 -0.245744E+00
 -0.172974E+01
 -0.751099E+00
 -0.793934E-01
 -0.668981E+00
  0.942834E+00
  0.327660E-01
  0.628202E+00
 -0.176134E+01
  0.343209E+01
  0.206564E+00
  0.204498E+00
  0.640075E+00
  0.526385E-02
 -0.984056E+00
 -0.122476E+01
  0.262597E+01
  0.302776E+01
  0.122701E+01
  0.337979E+00
  0.127041E+01
  0.824918E+00
 -0.187218E+01
  0.106467E+01
  0.196360E+01
 -0.137172E+01
 -0.920262E+00
 -0.580542E+00
 -0.269116E+01
 -0.611760E+00
  0.145032E+00
  0.294026E+01
  0.336855E+01
  0.289067E+01
  0.148559E+01
 -0.160137E+01
 -0.248148E+01
 -0.135743E+00
  0.955465E+00
 -0.483627E+00
 -0.128308E+01
 -0.454670E+01
 -0.285730E+01
 -0.660898E+01
 -0.787585E+01
 -0.388499E+01
 -0.281027E+00
 -0.552720E+00
 -0.307609E+01
 -0.519882E+00
 -0.443682E+00
  0.297910E+01
  0.322495E+01
  0.116687E+01
  0.137475E+01
 -0.861659E-01
 -0.300261E+00
 -0.141640E+00
 -0.231918E+01
  0.383987E-01
 -0.301038E+00
  0.101962E+01
  0.253752E+01
  0.117364E+01
  0.544837E+00
 -0.645421E+00
 -0.136376E+01
 -0.122965E+00
  0.161206E+01
  0.104999E+01
 -0.735172E+00
  0.705414E-01
  0.682177E+00
  0.101976E+01
  0.146853E+01
 -0.438642E-01
 -0.187488E+01
 -0.145180E+01
 -0.285921E+00
 -0.145486E+01
  0.680863E+00
  0.621595E+00
  0.172376E+01
 -0.185557E+01
  0.542998E+00
  0.127883E+01
  0.816984E+00
 -0.164107E+01
  0.536032E+00
 -0.910739E+00
  0.739399E+00
 -0.861440E-01
  0.372910E+00
 -0.132183E+01
 -0.265173E+00
 -0.227094E+01
 -0.257015E+01
  0.149613E+01
 -0.794924E+00
 -0.107942E+00
 -0.353913E+00
  0.750039E+00
 -0.924105E+00
  0.267202E-01
  0.342637E+01
  0.131618E+01
  0.891195E+00
  0.439475E+01
  0.125373E+01
 -0.442901E+00
 -0.197785E+01
 -0.229660E+01
 -0.131761E+01
  0.190986E+00
  0.252150E+00
 -0.258889E+00
 -0.496727E-01
 -0.111861E+00
  0.200599E+00
 -0.207091E+01
 -0.369054E+00
 -0.310447E-01
  0.731473E+00
 -0.540955E+00
  0.323110E+00
 -0.124788E+01
  0.288289E+00
 -0.679687E-01
  0.326658E+00
  0.294110E+00
 -0.448198E+00
  0.103452E+01
  0.479261E+00
  0.291660E+00
 -0.107049E+00
 -0.279874E+00
  0.242520E+01
  0.168566E+01
  0.492682E+00
  0.280049E+00
 -0.956585E+00
  0.134099E+01
 -0.645459E+00
  0.128078E+01
  0.271586E+01
  0.616270E+00
 -0.586496E-01
  0.179311E+01
  0.521539E-01
 -0.248217E+01
  0.134944E-01
  0.685867E+00
  0.479659E+00
 -0.437527E+00
  0.142064E+01
  0.301593E+00
  0.163962E+01
  0.963643E+00
 -0.659710E+00
 -0.106583E+01
  0.410532E+00
  0.653798E+00
  0.650136E+00
  0.139564E+01
  0.117706E+01
 -0.607939E+00
  0.239428E+01
 -0.355130E+00
  0.328385E+00
  0.331295E+00
 -0.149304E+01
 -0.388057E+01
  0.760966E+00
  0.650007E+00
  0.279640E+01
  0.800083E+00
  0.785488E+00
  0.115775E+01
 -0.346662E+00
  0.259554E+00
  0.434768E+00
  0.621066E+00
  0.247659E+01
  0.348092E+01
  0.217116E+01
  0.314566E+01
 -0.533120E+00
 -0.128774E+01
 -0.126663E+01
 -0.265727E+01
 -0.405361E+00
  0.192645E+01
  0.147773E+01
  0.190450E+01
  0.450054E-01
 -0.128491E+01
  0.346598E+00
  0.185420E+01
  0.240225E+01
 -0.167560E+01
  0.138877E+00
  0.378979E+00
 -0.173359E+00
 -0.234256E+00
 -0.280676E+00
  0.174550E+01
  0.295876E+01
  0.184231E+01
  0.148630E+01
  0.138336E+00
 -0.501566E+00
  0.221514E+01
  0.288654E+00
 -0.107593E+01
  0.222707E+00
 -0.115276E+01
  0.723451E+00
 -0.456890E+00
 -0.145487E+00
 -0.304677E+01
 -0.245933E+01
 -0.145462E+01
  0.225159E+01
  0.532097E+01
  0.342223E+01
  0.139026E+01
  0.222451E+00
 -0.295154E+00
 -0.194731E+01
 -0.266639E-01
  0.179812E+00
  0.177028E+01
  0.361944E+01
 -0.740272E+00
 -0.379290E+00
  0.142601E+00
  0.672117E+00
 -0.370905E+00
 -0.757229E+00
 -0.825551E+00
  0.698042E-01
 -0.149585E+00
  0.917731E+00
 -0.107080E+01
  0.316884E+00
 -0.354606E+00
 -0.435816E-01
 -0.527649E+00
 -0.981461E+00
  0.173497E+01
  0.588844E+00
 -0.651685E+00
 -0.159969E+01
  0.160936E+01
 -0.827698E+00
  0.486520E+00
  0.118461E+01
 -0.163687E+01
 -0.849671E+00
  0.367894E+01
  0.751172E+00
 -0.661004E+00
 -0.151754E+01
 -0.165283E+01
 -0.445082E+01
 -0.172937E+01
 -0.193812E+01
  0.843013E+00
  0.911587E+00
  0.368751E+01
  0.420264E+01
  0.565604E+01
  0.486426E+01
  0.805710E+01
  0.103009E+02
  0.931260E+01
  0.115393E+02
  0.101592E+02
  0.809963E+01
  0.549191E+01
  0.648112E+01
  0.147891E+01
 -0.222463E+00
 -0.352899E+00
  0.319689E+00
  0.645740E+00
  0.129917E+01
 -0.127886E+00
 -0.121323E+01
 -0.132184E+01
 -0.285726E+00
 -0.582252E+00
 -0.166160E+01
  0.141650E+00
 -0.832338E+00
  0.379402E+00
 -0.653371E+00
  0.596055E+00
 -0.663066E+00
 -0.793620E+00
 -0.538858E+00
  0.163071E+00
 -0.155817E+01
 -0.354346E+00
  0.122314E+01
  0.423144E+00
  0.281922E+01
  0.449357E+00
  0.129460E+00
 -0.355356E+01
 -0.678072E+00
  0.148443E+01
  0.257429E+01
  0.142145E+01
  0.136734E+00
  0.483691E+00
 -0.238849E+01
 -0.293731E+00
 -0.238015E+01
 -0.313500E+01
 -0.793080E-01
  0.223808E+00
  0.124162E+01
 -0.514685E+00
 -0.240512E+01
  0.168691E+00
 -0.751293E+00
  0.255066E+00
 -0.639056E+00
 -0.394459E+00
 -0.268573E+00
 -0.129662E+01
 -0.151203E+01
 -0.967895E+00
 -0.376852E+00
 -0.136103E+00
  0.957628E+00
  0.385526E+00
  0.889233E+00
  0.116559E+00
 -0.270154E+00
  0.120340E+01
  0.338960E+00
  0.232173E+01
 -0.728792E+00
 -0.947010E+00
  0.869387E+00
  0.356212E+00
 -0.651067E+00
 -0.236214E+00
  0.143813E+01
  0.155137E+01
  0.388487E+00
 -0.128088E+01
 -0.921560E+00
 -0.176647E+01
  0.129643E+01
 -0.657165E+00
 -0.638102E+00
 -0.690419E+00
  0.726250E+00
  0.305690E+00
  0.306913E+01
  0.225714E+01
  0.119388E+01
  0.553545E-01
 -0.111234E+01
  0.213243E+00
  0.134118E+01
  0.592176E+01
  0.584703E+01
  0.284302E+01
 -0.506486E+00
 -0.113446E+01
 -0.119943E+00
 -0.219275E+00
 -0.109319E+01
 -0.467631E+00
  0.225720E+00
  0.572163E+00
  0.191602E+01
 -0.118327E+00
 -0.211954E+01
  0.225550E+00
 -0.709567E+00
 -0.493212E+00
 -0.940303E+00
 -0.234702E+01
 -0.374416E+01
 -0.299834E+01
 -0.244303E+01
 -0.298353E+01
  0.115830E+01
  0.978815E+00
 -0.808020E+00
 -0.120246E+01
  0.255520E+00
  0.986210E+00
  0.160039E+01
  0.435760E+00
  0.365402E+00
  0.187040E+01
 -0.541228E+00
  0.763365E+00
 -0.192083E+01
  0.567113E+00
  0.405452E-01
  0.272623E-02
  0.114049E+01
  0.720053E+00
  0.887340E+00
  0.791695E+00
  0.919792E+00
  0.162989E+01
 -0.207668E+00
 -0.703461E+00
  0.216541E+00
  0.793271E+00
  0.175373E+01
 -0.435564E+00
  0.311072E+00
 -0.342272E+00
 -0.184701E+01
 -0.359055E+00
 -0.223006E+01
  0.265582E+00
  0.141743E+00
 -0.252381E+00
  0.438664E+00
  0.143635E+00
  0.819990E+00
  0.789543E+00
 -0.650402E-01
  0.506551E+00
  0.500904E+01
  0.388633E+01
  0.620274E+01
  0.481672E+01
  0.112750E+01
  0.273748E+00
  0.143607E+01
  0.503869E+00
 -0.127348E+00
  0.110867E+01
  0.776467E+00
  0.505512E+00
 -0.514441E+00
 -0.546000E+00
  0.305539E+00
 -0.275416E+00
  0.743207E+00
  0.715448E-01
  0.541693E+00
 -0.106834E+01
  0.467978E+00
 -0.133158E+01
  0.297805E+01
  0.218680E+01
  0.204328E+01
 -0.664835E+00
  0.699603E-01
  0.155218E+01
  0.292490E+01
  0.816861E+00
  0.162569E-01
 -0.364018E+01
 -0.454009E+01
 -0.688365E+01
 -0.394983E+01
 -0.524526E+01
 -0.230700E+01
 -0.138253E+01
 -0.501547E+01
 -0.414888E+01
 -0.424810E+00
  0.678808E+00
  0.203611E+01
  0.363827E+01
  0.520254E+00
  0.110930E+00
  0.922308E+00
  0.835289E+00
  0.227276E+01
  0.376976E+01
  0.235532E+01
  0.104200E+01
  0.317580E-03
 -0.629720E+00
 -0.251576E+01
 -0.134183E+01
 -0.490718E+00
 -0.102522E+01
 -0.173136E+01
 -0.434699E+00
 -0.400624E+01
 -0.325591E+01
 -0.455475E+01
 -0.411811E-01
 -0.515842E+00
 -0.657472E+00
  0.143843E+01
  0.724415E-01
 -0.161790E+01
 -0.150946E+01
 -0.895035E+00
 -0.306427E+01
 -0.201708E+01
  0.227747E+00
  0.499192E+00
  0.165708E+01
  0.119001E+01
  0.794038E+00
 -0.696059E+00
 -0.422084E+00
  0.795582E+00
  0.597424E+00
 -0.155579E+01
  0.171560E+01
 -0.493973E+00
  0.123559E+01
 -0.387381E+00
  0.456406E-01
  0.117759E+01
 -0.283447E+01
 -0.196743E+01
 -0.353838E+01
 -0.143083E+01
 -0.421480E+01
 -0.124404E+01
  0.780458E-02
 -0.194097E+01
  0.256569E+01
  0.864736E-01
  0.118147E+00
  0.862822E+00
 -0.144497E+00
  0.481278E+00
  0.211715E+01
 -0.198194E+01
  0.986013E+00
  0.434092E+01
  0.656336E+01
  0.566834E+01
  0.323821E+01
  0.138505E+01
 -0.541263E+00
 -0.214648E+00
  0.693875E+00
  0.215679E+00
 -0.157257E+00
  0.422080E+00
  0.561249E+00
  0.554688E+00
  0.248664E+00
 -0.998250E+00
  0.276904E+00
 -0.231575E+00
  0.670290E+00
  0.917781E+00
  0.748908E-01
  0.929066E-01
  0.389454E+00
  0.133197E+01
  0.183109E+01
 -0.546291E+00
  0.856611E+00
  0.260802E+00
  0.156548E+01
  0.307862E+00
  0.424627E+00
  0.257687E+00
 -0.515677E+00
  0.284479E+01
  0.931308E+00
 -0.179018E+01
 -0.138136E+01
 -0.426125E+01
  0.290457E+00
  0.924491E+00
 -0.248124E+00
  0.100892E+01
 -0.971997E+00
 -0.474370E+00
 -0.299906E+01
 -0.455790E+01
 -0.689633E+01
 -0.450665E+01
 -0.400352E+01
  0.446918E+00
 -0.921143E+00
  0.257638E+00
 -0.652799E+00
 -0.338072E+00
  0.217439E+01
  0.257376E+00
 -0.576573E+00
  0.331419E+00
  0.226933E+01
  0.529401E+00
  0.109674E+01
  0.701584E+00
  0.333869E+00
 -0.136593E+01
  0.110514E+01
 -0.309782E+01
 -0.901748E+00
 -0.680953E+00
 -0.155063E+01
 -0.724338E+00
  0.146019E+01
 -0.132529E+01
  0.297599E-01
  0.234002E+00
  0.857358E+00
 -0.253464E-01
  0.983018E+00
 -0.858899E+00
  0.271526E+00
  0.107347E+00
 -0.242229E+01
 -0.471273E+01
  0.885570E+00
  0.569318E+00
  0.281637E+01
 -0.172953E+01
 -0.300289E+00
 -0.200648E+01
 -0.410195E+00
  0.758345E+00
  0.585884E+00
  0.130591E+01
 -0.313311E+00
  0.262483E+00
  0.193053E+01
  0.393101E-01
  0.304442E+01
  0.573779E+00
 -0.298772E+00
  0.819845E+00
  0.163165E+01
  0.948970E+00
  0.950036E+00
 -0.957657E+00
  0.536470E-01
 -0.999399E-01
  0.300672E+01
  0.292680E+01
  0.199458E+00
 -0.243943E+01
 -0.943418E+00
 -0.594071E+00
 -0.341764E+01
 -0.206193E+01
 -0.143224E+01
  0.112378E+01
  0.513147E+00
  0.651461E+00
  0.354345E+01
  0.499613E+01
  0.157547E+01
  0.887149E+00
  0.873285E+00
  0.162268E+01
 -0.245413E+01
  0.911175E+00
 -0.112323E+01
 -0.204180E-02
  0.592005E+00
 -0.490369E-01
 -0.106535E+01
 -0.170306E+00
 -0.111737E+00
 -0.184082E+01
  0.927409E-01
  0.736820E-01
  0.231327E+00
  0.420026E+01
  0.381643E+01
  0.340844E+01
  0.284879E+01
 -0.178857E+00
 -0.209796E+00
 -0.581142E-01
  0.189242E+00
  0.106816E+01
  0.221385E+00
  0.208211E+01
  0.533982E+00
  0.124615E+01
  0.383197E+01
  0.813968E+01
  0.524899E+01
  0.290305E+01
  0.297034E+01
  0.535954E+01
  0.429386E+01
  0.118662E+01
  0.390253E-01
 -0.185795E+01
 -0.305790E+01
 -0.538956E+01
 -0.401673E+01
 -0.173416E+00
 -0.417753E+00
  0.288512E+00
 -0.179819E+00
  0.467392E+00
 -0.947734E+00
 -0.471137E-01
  0.834543E+00
 -0.250257E+00
 -0.333759E+00
  0.201139E+01
 -0.198871E+00
  0.120154E+01
  0.278560E-01
  0.811641E+00
 -0.233806E+01
 -0.413336E+01
 -0.824420E+01
 -0.777886E+01
 -0.368328E+01
 -0.181418E+01
  0.168761E+01
  0.791270E+00
  0.541815E+00
 -0.118210E+01
 -0.545372E+00
  0.153131E+00
  0.388307E+00
 -0.591410E+00
 -0.205705E+01
 -0.244384E+01
  0.950580E+00
 -0.270529E+01
 -0.166438E+01
  0.139934E+00
  0.160107E+01
  0.363873E+00
 -0.212179E+01
 -0.928155E-01
 -0.655598E+00
  0.400742E+00
 -0.320198E+00
  0.125482E+01
 -0.482747E+01
 -0.399139E+01
 -0.478279E+01
 -0.548357E+01
 -0.386957E+01
 -0.578909E+01
 -0.218092E+01
  0.101852E+00
  0.122362E+01
 -0.953086E+00
  0.852210E+00
  0.623142E-01
  0.237281E+01
 -0.231877E+00
 -0.296927E+00
  0.948620E+00
  0.778882E+00
 -0.317515E+00
  0.452344E+00
 -0.261493E+01
 -0.705637E+00
 -0.183643E-01
  0.226676E+01
  0.132647E+01
  0.902638E+00
 -0.299663E+01
  0.649685E+00
 -0.653771E+00
 -0.226168E+00
  0.398261E+00
  0.721698E+00
  0.690383E+00
 -0.136777E+00
 -0.112310E+01
  0.279921E+00
 -0.824775E+00
 -0.632523E+00
  0.349053E+01
  0.166220E+01
 -0.939628E+00
  0.410635E+00
 -0.414877E+01
 -0.260206E+01
 -0.160668E+01
 -0.367945E+01
 -0.525424E+01
 -0.732312E+00
 -0.976088E+00
  0.620372E+00
 -0.514028E+00
  0.122233E+00
 -0.297392E+00
  0.471465E+00
  0.378900E-02
 -0.795018E+00
  0.215128E+00
 -0.392563E+00
  0.261786E+01
 -0.250923E+00
 -0.328076E+00
  0.630957E+00
 -0.227036E-01
  0.100212E+01
  0.124666E+01
 -0.327679E+00
  0.194703E+01
 -0.128629E+01
 -0.170751E+00
  0.375457E+00
  0.328671E+00
  0.401719E+01
  0.640581E+01
  0.989003E+01
  0.808155E+01
  0.583820E+01
  0.188306E+01
 -0.339616E+00
 -0.136595E+01
 -0.753588E+00
 -0.476476E+01
 -0.374592E+01
 -0.190985E+01
 -0.153647E+01
  0.307505E+00
  0.707023E-01
  0.168025E+01
 -0.253766E-01
 -0.807734E+00
 -0.530573E+00
 -0.154886E+01
  0.544577E+00
 -0.160888E+01
  0.160580E+00
 -0.774058E+00
  0.112012E+00
  0.981392E+00
  0.487142E+00
  0.132517E+00
 -0.123866E-01
  0.122655E+01
  0.403682E+00
 -0.167459E+00
  0.957987E+00
  0.132969E+01
  0.801118E-01
  0.181028E+00
 -0.132825E+01
 -0.177055E+00
 -0.408300E+00
  0.322529E-01
  0.193725E+00
  0.747342E+00
  0.252153E+01
  0.665178E+01
  0.938343E+01
  0.495060E+01
  0.718016E+01
  0.668173E+01
  0.765400E+01
  0.409019E+01
  0.407108E+01
  0.137965E+01
 -0.635734E-01
  0.535850E+00
 -0.278417E+01
  0.595208E+00
  0.292194E+01
  0.156297E+01
 -0.172850E+01
 -0.927955E+00
  0.918817E+00
  0.161690E+00
  0.138253E+01
 -0.354515E+00
  0.422641E+00
  0.350825E+01
  0.537479E+00
 -0.392846E+00
  0.237185E+00
  0.781175E+00
  0.290512E+01
 -0.996675E+00
  0.284528E-01
 -0.893406E+00
  0.429904E-01
 -0.572905E+00
 -0.964651E+00
  0.166159E+01
 -0.279064E+00
  0.135489E+01
  0.131562E+00
 -0.365596E+01
 -0.647699E+01
 -0.102771E+02
 -0.177091E+01
 -0.128858E+01
  0.520834E+00
 -0.179449E+00
 -0.124700E+01
  0.570074E+00
  0.318810E+01
  0.479918E+01
  0.100145E+01
 -0.176631E+00
  0.535801E+00
 -0.250643E+01
 -0.167429E+00
 -0.373026E+00
  0.486273E+00
 -0.377421E+00
 -0.322331E+00
  0.858881E+00
  0.106227E+00
 -0.824204E+00
 -0.898995E+00
  0.192117E+01
  0.290000E+01
 -0.701455E+00
 -0.550090E+00
 -0.283712E+00
  0.167448E+01
  0.294300E+01
 -0.348346E+00
  0.400767E+00
 -0.890552E+00
 -0.375627E+01
  0.878837E+00
  0.545591E+00
  0.111499E+01
 -0.418416E+00
  0.172379E+00
  0.103000E+00
 -0.102146E+01
  0.101248E+01
 -0.328978E-01
 -0.178065E+01
 -0.633953E+00
 -0.971305E+00
  0.498865E+00
  0.353545E+00
 -0.234608E+01
  0.850882E+00
 -0.151259E+01
  0.616223E+00
  0.776999E+00
  0.136053E+00
 -0.210195E+01
 -0.326543E+01
 -0.321650E+01
  0.917108E+00
 -0.128335E+01
  0.792726E+00
 -0.381836E+00
 -0.313337E+01
 -0.119496E+01
 -0.782679E+00
  0.448723E+00
 -0.106363E+01
 -0.319568E+01
  0.108935E+01
 -0.185850E+01
  0.536760E+00
  0.282869E+00
  0.317558E+01
  0.213439E+01
  0.317833E+01
 -0.113539E+01
 -0.378408E+01
 -0.514996E+00
  0.977237E+00
  0.390322E+00
 -0.628795E+00
 -0.148573E+01
 -0.496394E+00
  0.167196E+01
  0.145286E+01
 -0.139067E+01
 -0.749668E+00
 -0.311105E+00
  0.106239E+01
  0.104924E+01
 -0.916493E-01
 -0.192433E+01
  0.177173E+01
 -0.663994E+00
  0.708852E-01
  0.200862E+01
 -0.438395E+00
  0.534988E+00
 -0.225094E+01
  0.832335E+00
  0.161135E+01
 -0.495945E+00
 -0.770718E+00
 -0.231291E+00
 -0.707205E+00
 -0.131880E+00
  0.114410E+00
 -0.149875E+01
  0.561390E+00
  0.643548E+00
 -0.432267E+00
  0.259966E+00
 -0.875082E+00
 -0.750207E+00
 -0.102283E+01
 -0.186350E+01
 -0.375349E+01
  0.334693E+00
 -0.120577E+01
  0.221295E+00
  0.251845E+01
 -0.366382E+00
 -0.182948E+00
  0.583747E+00
 -0.261487E+01
  0.649923E+00
 -0.561546E+00
  0.888200E+00
  0.633639E+00
 -0.131822E+01
 -0.807296E+00
 -0.181520E+01
 -0.140096E+01
  0.135377E+01
  0.898008E+00
 -0.146389E+01
  0.351143E+00
  0.342757E+00
  0.155003E+00
  0.240312E-02
 -0.179259E-01
  0.937903E+00
  0.289622E+00
  0.145180E+01
 -0.100852E+01
  0.154125E+00
  0.368090E+00
  0.333834E-02
  0.548413E+00
 -0.154654E+00
 -0.334236E+00
  0.532444E+00
  0.967201E+00
 -0.100993E+01
 -0.171299E+00
 -0.916122E-01
  0.281607E+01
  0.224305E+01
  0.393431E+01
  0.300719E+01
  0.962087E+00
  0.397659E+01
  0.575100E+01
  0.408515E+01
  0.461311E+01
  0.338010E+01
 -0.143827E+01
  0.879821E+00
 -0.171427E+01
 -0.464442E+01
 -0.571281E+01
 -0.589678E+01
 -0.683488E+01
 -0.787087E+01
 -0.770236E+01
 -0.854686E+01
 -0.512711E+01
 -0.245501E+01
  0.503689E+00
  0.437953E+00
  0.810883E-01
 -0.109055E+01
 -0.709343E+00
 -0.250644E-01
 -0.142357E+01
 -0.147861E+01
 -0.100219E+01
  0.736012E+00
 -0.118785E+01
  0.301011E+00
  0.183873E+01
  0.144081E+01
 -0.599355E+00
  0.644986E+00
  0.105382E+01
  0.217957E+00
  0.291010E+01
 -0.498716E+00
 -0.216830E+00
  0.481590E+00
  0.252569E+01
 -0.128671E+01
 -0.431434E+00
 -0.123894E+01
 -0.966766E+00
 -0.202114E+01
 -0.176662E+01
 -0.130493E+00
  0.954136E+00
 -0.102511E+01
 -0.671900E+00
 -0.449307E+00
 -0.293940E+00
 -0.222197E+00
  0.312939E+00
  0.300561E+01
  0.412237E+00
  0.955566E+00
 -0.351509E+00
  0.186207E+01
  0.647289E+00
  0.202553E+01
  0.242136E+01
  0.999876E+00
 -0.138221E-02
  0.415570E+00
 -0.822896E-01
  0.675759E-01
  0.164701E+00
  0.156128E+01
 -0.722118E+00
 -0.130655E+01
  0.753765E+00
  0.122199E+01
  0.932307E+00
 -0.150690E+01
 -0.426450E+00
  0.562511E-01
 -0.234207E+00
  0.693157E+00
  0.101550E+01
  0.370563E+00
  0.476380E+00
 -0.194683E+00
  0.717097E-01
 -0.141343E+01
 -0.691132E+00
 -0.268307E+00
  0.123007E+01
  0.250154E+01
  0.161742E+01
  0.472636E+00
  0.350002E+01
  0.456069E+00
 -0.738659E+00
 -0.124071E+01
 -0.145838E+01
  0.741593E+00
  0.150122E+01
 -0.255652E+01
 -0.988588E+00
  0.223827E+01
  0.309812E+01
  0.256925E+01
  0.533769E+00
  0.296445E+01
  0.815316E+01
  0.959576E+01
  0.111853E+02
  0.120586E+02
  0.142002E+02
  0.127791E+02
  0.101444E+02
  0.120253E+02
  0.119638E+02
  0.141696E+02
  0.112644E+02
  0.766889E+01
  0.519401E+01
  0.494751E+01
  0.774988E+01
  0.678302E+01
  0.538622E+01
  0.473144E+01
  0.596330E+01
  0.583159E+01
  0.559713E+01
  0.861788E+01
  0.568703E+01
  0.518730E+01
  0.312218E+01
  0.166568E+01
  0.116880E+01
 -0.225194E+00
  0.381244E+00
  0.147163E+01
  0.227327E+01
 -0.100527E+01
  0.936030E+00
  0.123183E+01
 -0.152083E+01
 -0.236846E+01
 -0.109890E+01
 -0.313860E+01
 -0.910049E+00
  0.355015E-01
  0.153322E+01
  0.153864E+01
 -0.169893E+01
 -0.201693E+01
 -0.443113E+00
 -0.505866E+00
  0.171138E+00
 -0.427115E+00
 -0.785792E+00
  0.780486E+00
  0.360081E+00
 -0.106939E+00
 -0.990336E-01
 -0.113244E+01
 -0.478307E+00
  0.149861E+01
 -0.243956E+00
 -0.324270E+00
 -0.692494E+01
 -0.320529E+01
 -0.985593E+00
 -0.481539E+00
 -0.860531E-02
  0.850461E+00
 -0.394411E+01
 -0.317988E+01
 -0.471650E+01
 -0.104262E+01
  0.271612E+01
  0.239826E+01
  0.116657E+01
 -0.342126E+00
  0.187675E+01
  0.479495E+00
  0.145131E+01
 -0.298108E+01
 -0.165429E+00
 -0.597070E-01
 -0.147621E+00
  0.183202E+01
 -0.459801E+00
 -0.324409E+00
 -0.122807E+00
  0.593798E+00
 -0.349247E+00
  0.829085E+00
  0.116626E+01
 -0.233813E+01
 -0.413734E+00
 -0.574209E+00
 -0.156765E+01
 -0.205385E+00
  0.161769E+01
 -0.331121E+00
  0.663732E+00
 -0.635000E+00
  0.947121E+00
  0.142863E+01
 -0.353291E+01
 -0.361963E+01
 -0.671674E+01
 -0.790164E+01
 -0.699099E+01
 -0.393838E+01
 -0.658568E+01
 -0.493926E+01
 -0.149700E+01
  0.139170E+01
 -0.270131E+00
 -0.183277E+01
  0.255117E+00
  0.201334E+00
  0.119222E+00
 -0.472494E-01
  0.881528E+00
 -0.118905E+01
 -0.224221E+01
 -0.149262E+01
 -0.815464E+00
  0.561739E+00
 -0.297335E+00
  0.125613E+01
 -0.851749E+00
 -0.101315E+01
 -0.464399E+00
 -0.436885E-01
  0.183168E+00
 -0.891833E+00
 -0.731965E+00
  0.108646E+01
  0.341157E+00
  0.182644E+01
 -0.723903E+00
 -0.141652E+01
 -0.724132E+00
 -0.597711E+00
  0.313869E-01
 -0.169648E+00
  0.669290E+00
  0.640171E-01
 -0.265479E+00
 -0.129032E+01
  0.161130E+01
  0.560668E+00
  0.349527E+00
 -0.191438E+01
 -0.268721E+01
  0.754457E+00
 -0.637635E+00
  0.211571E+01
  0.150375E+01
 -0.227287E+00
  0.115189E-01
 -0.233759E+00
  0.384982E+00
  0.135120E+01
  0.250254E+00
  0.124146E+01
  0.611763E-01
  0.131207E+01
  0.573779E+00
 -0.353557E+00
 -0.185306E+01
 -0.145316E+01
 -0.302466E+01
  0.160250E+01
  0.133109E+01
 -0.606305E+00
  0.106737E+01
  0.344646E+01
  0.165458E+00
 -0.440369E+00
 -0.146779E+01
  0.134019E+01
  0.379520E-01
  0.115899E+00
  0.142903E+01
  0.109883E+01
  0.642452E+00
 -0.886562E+00
  0.479596E+00
 -0.743541E+00
 -0.923918E-01
 -0.455587E+00
  0.268173E+01
  0.338423E+01
 -0.459398E+00
  0.578353E-01
  0.133124E+00
  0.985879E-01
 -0.332565E+00
  0.682910E+00
  0.994390E+00
 -0.547407E+00
 -0.953327E+00
 -0.495648E+00
 -0.849749E+00
  0.100883E+01
  0.122808E+00
  0.252971E+00
 -0.746144E+00
  0.926871E+00
 -0.190796E+01
 -0.801011E+00
 -0.418595E+01
 -0.358283E+01
 -0.588655E+01
 -0.107115E+01
 -0.465542E+00
 -0.308001E+00
 -0.257647E-01
  0.404975E+00
  0.178614E+01
  0.114830E+01
  0.739764E+00
  0.545101E+00
 -0.623444E+00
 -0.985578E+00
  0.444442E+00
  0.379082E+00
  0.587545E+00
 -0.294019E+00
 -0.202580E+00
  0.729768E+00
  0.230009E+01
 -0.931401E+00
 -0.849399E+00
 -0.194080E+01
  0.608540E+00
  0.862989E+00
 -0.467088E+00
 -0.508953E+01
 -0.364955E+01
 -0.350402E+01
 -0.216645E+01
 -0.325192E+01
 -0.202638E+01
 -0.154437E+01
 -0.764535E+00
  0.320445E-01
  0.668667E+00
 -0.582004E+00
 -0.406404E+01
 -0.942885E-01
 -0.394614E+00
 -0.538748E+00
 -0.247676E+01
 -0.271271E+00
 -0.135076E+00
  0.783551E-01
  0.498124E-03
 -0.922463E+00
  0.456484E+00
  0.119784E+00
  0.772845E+00
 -0.130543E+01
  0.718336E+00
  0.326194E+00
 -0.108672E+01
  0.119856E+01
  0.121260E+01
  0.980146E+00
  0.821807E+00
  0.149163E+00
 -0.776984E+00
  0.100859E+00
 -0.548601E+00
 -0.130990E+01
  0.584503E+00
  0.697620E+00
  0.355681E+00
 -0.523857E+00
  0.723216E+00
  0.169649E+00
  0.164744E+01
  0.158119E+00
 -0.771087E+00
 -0.734747E+00
  0.156619E+01
 -0.581132E+00
  0.438453E+00
  0.148334E+01
 -0.104623E+01
 -0.124469E+00
  0.150094E+01
  0.728892E+00
  0.270808E+00
 -0.102095E+01
  0.497947E-01
  0.128899E+01
  0.523941E-01
 -0.179507E+00
  0.217643E+01
 -0.178182E+00
 -0.311160E+00
  0.949212E+00
  0.447230E+01
  0.530501E+01
  0.264238E+01
  0.188206E+01
 -0.458197E+00
 -0.763180E+00
 -0.268801E+01
  0.135012E+00
  0.161218E+01
  0.889754E+00
 -0.337149E+01
 -0.143525E+01
  0.148491E+01
 -0.318439E+00
  0.109679E+01
 -0.918827E-01
  0.696922E+00
 -0.317066E-01
 -0.123780E+00
  0.605037E+01
  0.920027E+01
  0.746462E+01
  0.425915E+01
  0.520386E+00
  0.225479E+00
 -0.134131E+00
 -0.109351E+01
 -0.170767E+01
  0.254848E+00
 -0.742834E+00
 -0.113694E+01
 -0.969589E+00
 -0.492485E-01
 -0.894971E+00
 -0.131222E+01
 -0.411209E-02
 -0.170037E+00
  0.863785E+00
  0.710220E+00
  0.217998E+01
 -0.118972E+01
  0.205957E+01
  0.429141E+00
 -0.839277E-01
  0.107266E+01
 -0.640890E+00
 -0.356592E+00
  0.352978E+01
  0.336679E+00
  0.168684E+01
 -0.137911E+00
 -0.193682E+00
  0.108695E+01
 -0.217421E+00
  0.178384E+00
  0.874343E+00
 -0.811934E+00
  0.280755E+00
 -0.779079E+00
 -0.301634E+00
  0.327956E+01
  0.547066E+00
  0.259204E+01
  0.291643E+00
  0.764748E+00
  0.247264E+01
  0.133570E+01
 -0.196319E+00
  0.521717E+00
 -0.176603E+01
  0.204714E+00
 -0.723001E-01
 -0.817659E+00
  0.277252E+01
 -0.119162E+01
 -0.203078E+01
 -0.641210E+01
 -0.468526E+01
 -0.674068E+01
 -0.694927E+01
 -0.653022E+01
 -0.896400E+01
 -0.858745E+01
 -0.530572E+01
 -0.397912E+01
 -0.856101E+00
  0.388426E+01
  0.315335E+01
 -0.508481E+00
 -0.905245E+00
 -0.132652E+01
 -0.728491E+00
  0.456947E-01
  0.224661E+00
 -0.558810E-01
 -0.617240E+00
  0.534126E+00
  0.151106E+01
 -0.108938E+01
 -0.161940E-01
 -0.201717E+01
  0.420165E+00
 -0.476627E+00
  0.510247E+00
 -0.457732E+00
 -0.295353E+00
  0.488397E+00
 -0.561541E+00
 -0.378936E+00
  0.362834E+00
  0.639198E-01
  0.332525E+01
 -0.223175E+00
 -0.336895E+00
  0.402741E+00
 -0.221424E+01
 -0.257570E+01
 -0.318825E+00
  0.304076E+00
 -0.326620E+00
 -0.935852E+00
  0.234727E-01
  0.233599E+01
  0.285265E+01
  0.132400E+01
 -0.238395E+01
  0.789152E+00
  0.230324E+01
  0.630806E+00
  0.102776E+01
 -0.741553E-01
 -0.154728E+00
  0.586967E+00
 -0.112336E+01
  0.768143E+00
  0.272956E-01
  0.253440E-02
 -0.104605E+01
 -0.723498E+00
  0.816920E+00
 -0.781798E+00
 -0.641033E+00
 -0.732227E+00
 -0.101036E+01
 -0.806572E+00
  0.176704E+01
  0.192094E+01
  0.223257E+00
  0.133258E+01
 -0.133638E+00
  0.431636E+01
  0.673697E+01
  0.739782E+01
  0.787776E+01
  0.602377E+01
  0.687405E+01
  0.556482E+01
  0.269100E+01
  0.597065E+00
 -0.848714E+00
  0.967076E+00
 -0.102913E+00
  0.101002E+01
  0.643297E+00
 -0.253901E+01
  0.333845E+00
 -0.957645E+00
 -0.189042E+01
 -0.137011E+01
 -0.206120E+01
 -0.411970E+01
 -0.180577E-01
 -0.259692E+00
 -0.166207E+01
  0.169780E+01
  0.448436E+01
 -0.590650E+00
 -0.150172E+01
 -0.117259E+00
 -0.193301E+01
 -0.635727E-01
  0.260742E+00
 -0.160895E+00
 -0.577904E-01
  0.522318E+01
  0.402836E+01
  0.462646E+01
  0.465526E+00
  0.103991E+01
  0.606325E+00
 -0.348767E+00
  0.109278E+01
 -0.611931E+00
  0.966313E+00
  0.317367E+00
 -0.133869E+01
  0.958178E+00
 -0.506701E+00
  0.216365E+00
  0.238340E+00
  0.222485E+00
  0.669586E+00
  0.719181E+00
 -0.149306E+00
  0.196773E+01
 -0.975377E+00
  0.105153E+01
  0.148144E+01
  0.879598E+00
 -0.116620E+00
  0.125354E+00
  0.384598E+00
  0.732253E+00
  0.786726E+00
  0.328802E+00
 -0.807865E+00
  0.370760E+00
  0.278558E+00
  0.102642E+01
  0.442786E+00
  0.583325E+00
 -0.508857E+00
  0.248673E+00
  0.203641E+01
  0.631096E+00
  0.526343E+00
  0.566785E+00
 -0.814608E+00
 -0.226055E+01
 -0.345452E+00
  0.650277E+00
  0.976989E+00
  0.216770E+00
 -0.337022E+00
 -0.632189E-01
  0.530409E-01
 -0.480682E+01
 -0.784503E+01
 -0.675864E+01
 -0.698304E+01
 -0.917845E+01
 -0.631603E+01
 -0.419505E-01
 -0.438686E+00
  0.406513E+00
  0.366295E+00
  0.154143E+01
 -0.822221E+00
 -0.370017E+00
 -0.151062E+00
 -0.515640E+00
  0.110007E+01
 -0.394546E+00
 -0.106258E+01
 -0.318846E+00
 -0.317745E+00
 -0.179122E+01
  0.501783E+00
  0.838701E+00
  0.426240E-01
  0.196844E+01
  0.856364E+00
 -0.754169E+00
  0.135909E+01
 -0.560909E+00
  0.158815E+00
  0.438991E+00
 -0.976599E+00
  0.265829E+00
  0.122643E+01
  0.528920E+00
  0.591343E-01
  0.576346E+00
  0.177390E+01
 -0.119504E+01
  0.704268E+00
  0.556935E+00
 -0.446509E+00
 -0.147047E+01
 -0.118699E+01
  0.260080E+00
 -0.505442E+00
  0.589036E+00
 -0.105480E+00
 -0.678641E+00
 -0.129307E+01
  0.330542E+00
 -0.154456E+01
 -0.217896E+01
 -0.144081E+00
 -0.132934E+01
  0.564321E-01
  0.308183E+00
  0.239692E+01
  0.571895E+01
  0.954825E+01
  0.131573E+02
  0.110632E+02
  0.115603E+02
  0.131002E+02
  0.128439E+02
  0.165853E+02
  0.139447E+02
  0.136914E+02
  0.113195E+02
  0.161581E+02
  0.988079E+01
  0.113843E+02
  0.113996E+02
  0.929950E+01
  0.931802E+01
  0.106005E+02
  0.663189E+01
  0.304516E+01
  0.988620E-01
  0.160827E+01
  0.357046E+01
  0.226212E+01
  0.750748E+00
 -0.696986E+00
  0.117968E+00
 -0.177520E+01
 -0.301769E+01
 -0.594784E+00
  0.101851E+01
  0.925030E+00
 -0.278209E+01
 -0.890420E+01
 -0.685607E+01
 -0.999764E+01
 -0.103026E+02
 -0.920814E+01
 -0.684382E+01
 -0.350908E+01
 -0.396687E+01
 -0.415659E+00
 -0.833909E+00
  0.146377E+01
  0.100887E+01
 -0.981637E+00
  0.367152E+00
 -0.722021E-01
  0.789817E+00
  0.206249E+01
  0.326575E+00
  0.511472E+00
 -0.358043E+00
 -0.670621E+00
  0.162371E+01
  0.133397E+01
 -0.160321E+01
  0.174494E+01
 -0.588936E+00
 -0.589082E+00
 -0.150781E+01
 -0.107380E+01
 -0.984056E+00
  0.352278E+00
  0.130643E+01
  0.685329E+00
 -0.158473E+00
 -0.508948E+00
  0.539657E+00
  0.575797E+01
  0.207664E+01
 -0.103809E-01
  0.159089E+01
  0.102640E+00
 -0.483517E+00
  0.775718E+00
 -0.378695E+00
  0.120229E+01
 -0.874307E+00
  0.192588E+00
  0.669538E+00
 -0.605364E+00
 -0.284025E+01
  0.120293E+01
 -0.263648E+00
 -0.486393E-02
  0.203128E+00
  0.227366E+00
  0.643736E+00
 -0.254494E+00
 -0.795749E-01
 -0.237915E+00
 -0.337479E+00
  0.218040E+00
 -0.234585E+01
 -0.246258E+01
 -0.377677E+00
  0.506998E-01
 -0.883984E+00
  0.102380E+01
  0.501464E+00
  0.524552E+00
 -0.265352E+01
 -0.261603E+00
 -0.386449E+00
 -0.209088E+00
 -0.115990E+01
 -0.189929E+00
 -0.950631E+00
 -0.812661E+00
 -0.581818E+00
  0.183564E+00
  0.500562E+00
  0.630716E+00
  0.129903E+01
  0.319204E+00
 -0.114886E+01
  0.374069E+00
  0.688579E+00
 -0.547308E+00
 -0.272046E+01
 -0.302011E+01
 -0.509385E+01
 -0.891192E+01
 -0.677947E+01
 -0.410628E+01
 -0.323842E+01
 -0.645122E+00
  0.557282E+00
 -0.198993E+01
  0.330613E+01
  0.704577E+00
  0.107752E+01
 -0.820579E-01
  0.254148E+00
 -0.114680E+01
  0.224828E+01
  0.400932E+01
  0.755852E+01
  0.516286E+01
  0.413238E+01
 -0.127775E+00
 -0.493007E+00
  0.402478E-01
  0.479088E+00
 -0.142698E+01
  0.197340E+00
  0.191404E+01
  0.414847E+01
  0.478949E+01
 -0.421208E+00
  0.958344E+00
  0.276603E+00
  0.732177E+00
  0.446729E+01
  0.543328E+00
 -0.264221E+01
 -0.509401E+01
 -0.279445E+01
 -0.186631E+00
 -0.325198E+00
 -0.184120E+01
  0.735037E+00
 -0.560501E-02
 -0.828212E+00
 -0.220149E+00
 -0.404215E+00
  0.250127E+00
  0.220246E+00
 -0.209402E+00
  0.848253E+00
  0.132674E+01
  0.377340E+00
 -0.128760E+01
 -0.246979E+01
  0.366726E+00
 -0.422611E+00
 -0.219456E+01
 -0.554130E+00
 -0.836344E+00
  0.166577E+01
  0.979954E+00
 -0.791743E+00
  0.286291E+00
 -0.145810E+01
  0.237690E+00
 -0.552836E+00
 -0.780820E+00
 -0.188962E+00
 -0.207721E+01
  0.168364E+01
  0.313517E+01
  0.161766E+00
 -0.262079E+01
 -0.600625E+00
  0.884306E+00
  0.147666E+01
  0.111834E+01
  0.249249E+00
 -0.206169E+00
 -0.105304E+00
  0.109319E+01
 -0.202882E+00
  0.735394E+00
  0.591029E+00
 -0.127404E+00
  0.106303E+01
 -0.138003E+01
 -0.194923E+01
 -0.575400E+00
  0.343434E+01
  0.548164E+00
 -0.159132E+01
 -0.393734E+01
 -0.151540E+01
 -0.617649E+01
 -0.201532E+01
 -0.372742E+00
  0.208991E+00
 -0.251395E+01
 -0.270488E+01
 -0.297964E+01
 -0.254149E+01
 -0.108045E+01
  0.458069E+00
 -0.191360E+00
  0.129202E+01
 -0.556441E+00
 -0.721786E-01
  0.169723E+01
 -0.264706E-02
  0.126731E+01
 -0.265780E+01
 -0.256463E+01
  0.513308E+00
 -0.154333E+00
  0.159755E+01
  0.624891E+00
  0.153172E+01
 -0.782177E+00
 -0.273843E+01
 -0.270608E+01
 -0.278776E+00
  0.425981E-01
 -0.161344E+00
  0.162757E+01
 -0.213004E+01
 -0.495685E-01
  0.161395E+01
 -0.138885E+01
 -0.733820E+00
 -0.152862E+01
  0.189278E+00
  0.451887E-02
 -0.196200E+00
  0.595216E+00
  0.736880E+00
 -0.443602E+00
  0.627216E+00
  0.229055E+01
 -0.912512E+00
 -0.186139E+01
  0.726895E+00
  0.595343E+00
 -0.888953E+00
  0.406655E+00
  0.140888E+01
  0.314838E+01
  0.534353E+01
  0.120225E+01
 -0.143528E+01
 -0.602585E+00
  0.171129E+01
  0.280543E+01
  0.187140E+01
  0.191083E+01
  0.894993E-01
  0.161339E+01
 -0.107948E+01
 -0.444906E+01
 -0.594963E+01
 -0.783076E+01
 -0.460440E+01
 -0.277978E+01
  0.880011E-01
 -0.273581E+00
 -0.223957E+00
 -0.331858E+00
  0.162891E+00
 -0.108594E+01
 -0.941964E+00
 -0.199624E+01
  0.264823E+01
 -0.752767E-01
  0.912988E+00
 -0.701077E-01
  0.209828E+01
  0.934376E+00
 -0.129711E+01
  0.230193E+01
 -0.123341E+00
  0.958505E-01
 -0.338879E+01
 -0.231821E+01
 -0.850924E+00
 -0.132139E+01
 -0.433743E+00
  0.177431E+01
  0.282385E+01
  0.412325E+01
  0.868270E+00
  0.336697E+00
  0.228739E+00
 -0.320842E+00
 -0.200669E+01
 -0.213714E-01
 -0.404916E+00
  0.725950E+00
  0.208838E+01
 -0.135328E+00
 -0.538487E+00
  0.134131E+01
 -0.122224E+01
 -0.985121E+00
  0.340305E-01
 -0.357333E+01
 -0.332169E+01
 -0.292569E+00
 -0.352001E+01
 -0.135394E+01
  0.859154E+00
  0.262127E+01
  0.157447E+01
 -0.333280E+00
 -0.148889E+01
  0.355149E+01
  0.979610E+00
  0.108751E+01
  0.110850E+01
 -0.124377E+01
  0.179510E+00
  0.380766E+00
 -0.166822E+01
 -0.190015E+01
  0.792956E-01
 -0.144325E+01
 -0.185086E+01
 -0.453052E+01
 -0.101294E+01
 -0.181816E+01
 -0.543578E+00
  0.254842E+00
 -0.226408E+01
  0.316812E+00
  0.169149E+00
  0.372467E+00
 -0.275437E-01
 -0.216420E+00
 -0.345971E+00
  0.136838E+01
  0.549188E+01
  0.459619E+01
  0.317778E+01
  0.386100E+00
 -0.273763E+01
 -0.161941E+01
 -0.300662E+01
 -0.154078E+01
 -0.422825E+01
 -0.154527E+01
  0.114792E+01
  0.105035E+00
 -0.391235E+00
 -0.151253E+00
  0.195406E+01
 -0.169527E-01
  0.155250E+01
  0.165427E+01
  0.636699E+00
 -0.123483E+01
 -0.108680E+01
  0.106113E+01
  0.749370E+00
 -0.878518E+00
  0.352133E+00
 -0.842143E-01
 -0.394527E+00
 -0.116336E+01
  0.209210E+01
 -0.160994E+01
 -0.219472E+00
 -0.787762E+00
  0.633034E+00
  0.123529E+00
  0.185944E-01
 -0.201979E+00
 -0.169610E+01
